801183507699511297	25	1
801178199954751489	61	1
801048189193232384	79	1
801086228493897729	79	1
801033076772048900	79	1
801064883957727232	69	-1
801035640443994113	43	1
801133735282409472	7	-1
801033085651419136	61	1
801033084858605568	79	1
801035634093813760	43	1
801033091242487809	61	1
801177472368865281	79	1
801139998632378369	79	1
801122657899053057	74	-1
801088428842618880	43	1
801058307167416320	69	-1
801501681108340736	15	1
801526617986269185	40	-1
801566773422133248	0	1
801502451576737792	79	1
801531395441049600	61	-1
801450964817420288	71	1
801566776513310720	0	1
801542337247793152	75	-1
801699247842357248	79	1
801678606627958784	43	-1
801727607263948800	69	-1
801731433849090048	43	-1
801868215357947904	30	-1
801737826526232576	79	1
801904728523374593	75	-1
801696680613707776	61	-1
801725098466086912	43	1
801858995736760320	61	1
801677443488747521	73	1
801863285633073156	79	1
801761035397070848	75	-1
801674235638730752	25	-1
802059860527419392	43	1
802248967761383424	69	-1
802151798735781893	27	-1
802205798860460032	7	-1
802196735053307904	40	-1
802127336338575360	75	-1
802105146532622336	43	-1
802207959531057152	52	1
802058621022588929	79	1
802112840085565442	25	-1
802137362335723520	73	-1
802133476522754048	70	-1
802150510929309700	43	1
802278268552572928	75	-1
801688843938308097	30	-1
802220084597059585	44	-1
802202738020982784	75	-1
802148728274558976	24	-1
802038322071830528	27	-1
802108110945058818	70	-1
802227948963164162	79	-1
802187665093300224	75	-1
802059861949288448	43	1
802629503000473600	75	-1
802610381126438912	75	-1
802526900518289408	79	-1
802353812887523328	75	-1
802318550337748996	73	-1
802429191761301505	75	-1
802353703940407296	75	-1
802338622108266496	75	-1
802534979783622657	75	-1
802628481188102144	30	-1
802595394152562688	75	-1
802443039381798912	55	-1
802548015567278080	44	-1
802655670394703873	75	-1
802335519560572928	57	1
802821908869758976	75	-1
802761369582010369	75	-1
802746317294501888	75	-1
802836876373749760	75	-1
801864974838693888	30	1
802858641376313344	70	-1
802972778475507712	75	-1
802927478578655232	75	-1
803217736784560128	79	1
803048337222103040	75	-1
803369159887323136	25	-1
803289978415550464	75	-1
803067201448247297	79	1
803309499465482241	63	-1
803058877407358976	43	1
803179616374493185	79	-1
803131510685630464	79	-1
803043347426410497	73	-1
803300035819618304	22	-1
803363082483499009	20	1
803078552828710913	75	-1
803299552757501953	22	1
803360419805069312	79	-1
803290626657779712	43	-1
803123787268923393	25	1
803290633293230080	43	-1
803314291738890240	61	-1
803360114900135937	15	-1
803346030951563268	61	1
803274786713391104	25	1
803284042657517568	70	-1
803113888279576577	74	-1
803378483078529025	43	-1
803363087139082241	14	-1
803186131705692160	45	1
803289584243212288	79	-1
803183784782741504	69	-1
801564784286191619	34	-1
803557232134811648	43	1
803744722137137152	43	1
803653592968261632	44	1
803681839449853952	43	1
803412818057904128	79	1
803741171545702401	79	1
803508379243216896	74	-1
803412091034071040	79	1
803650146416390144	71	-1
803425819179749376	75	-1
803410721346355201	75	-1
803531367086596096	20	-1
803416329386655744	43	1
803644345832316928	74	1
803527080000581632	43	-1
803680831772434432	79	-1
803648688568422400	79	-1
803556401700306945	15	1
803695027650236420	75	-1
803418987019337729	61	-1
803652271493873664	25	1
803664386996867073	43	1
803494420435832832	43	-1
801502451576737792	79	1
803708892274245632	25	1
803663775433977856	79	1
803649891792814080	71	1
803652267366719488	25	-1
803554253642072068	7	-1
803440886327767040	75	-1
803429179534479360	79	-1
803962795108737024	69	-1
803826937663721472	15	1
804060756262129664	79	-1
803875089695510528	79	-1
803924654259834880	43	-1
803761266137235456	0	-1
803761264182706176	0	1
804010881893822464	25	-1
804046274014183428	79	-1
804072362576662533	69	-1
803782174499622913	7	1
803790894725902336	62	1
803992117680934912	3	-1
804052965967466496	43	1
803826997269004288	15	1
804074795537235968	69	-1
803753660106887168	75	-1
803796548421382144	79	1
803931114490515456	79	1
804061834017996800	43	-1
803834329432543232	43	-1
804373586777702400	71	1
804368239459442689	43	1
804319409884069888	69	-1
804380446779768832	0	1
804138525474091008	7	-1
804280027756064768	43	1
804264758526537728	69	-1
804358243996864517	79	-1
804116041219670016	75	-1
804376102676340736	79	-1
804358172144062464	25	-1
804264865896562689	75	-1
804233604012216320	25	-1
804424275750952964	79	1
804324133282709504	22	1
804434084017672192	3	-1
804131374844231680	73	-1
804297204940865536	69	-1
804427354613366784	55	-1
804277984161042432	79	1
804256251425083392	25	-1
804333984045998080	74	1
804723901683142660	15	1
804815830995337222	15	1
804528301360500737	43	1
804774732805586944	79	1
804781237701328897	61	1
804621894875873280	24	1
804774852150300672	43	1
804528205138890752	79	1
804775450555912192	15	1
804613932837208064	43	1
804659181106118656	79	1
804730748473405440	43	1
804504919843676162	15	1
804821720385331200	15	1
804541551498117120	74	-1
804656390195200002	25	-1
804515043463335936	74	1
804815811315699713	15	1
804650121526996992	43	-1
804721963746856960	43	1
804812711183970305	34	-1
804706468083761153	43	1
804613154160447488	79	1
804604494810116096	61	1
804729526647451648	79	1
804588607889698816	43	-1
804699703371821057	69	-1
804703701663256576	14	1
804821791898267648	15	1
804489838288367616	74	-1
804809508165971968	15	1
804732467311742976	9	-1
804793736563662852	43	1
804528015459880961	75	-1
804613157025091584	79	-1
804735242057764864	15	-1
804770898746208256	34	-1
804769174899851268	15	1
804704616868970496	79	1
804754703254962177	43	1
804641270635302913	70	-1
804811893181390848	34	-1
804792485541277696	79	1
804613134052978692	79	-1
804764821958905856	79	-1
804729515243175936	79	1
804721966372503552	43	1
804768775404851201	0	1
804762089428434944	25	-1
804813755729281026	43	1
804841402395926528	79	1
804844994901196800	52	1
804814960907915265	34	1
804898136770641920	9	-1
804890469125787648	75	-1
805079172330598401	25	-1
805161415258632192	63	1
805067846409601030	25	1
804811893181390848	34	-1
804972998495117312	0	1
805556094491889664	43	1
805395889871147008	0	1
805343432264720384	25	1
805536956386045952	79	1
805334219195084800	61	1
805411376873271296	65	1
805528615744114689	75	-1
805536954825736192	79	1
805555866309185538	79	1
804456319868616704	34	1
804814960907915265	34	1
805448732644818944	0	1
805728596149026817	61	1
805729446036729856	43	1
805751850519535616	20	1
805728454163382272	25	1
804812711183970305	34	-1
805729932898811904	14	1
805775089690148865	61	1
805819452151525381	43	1
805695611051843585	70	-1
804238208699629568	74	-1
805826597005602816	25	-1
805828220130050049	74	-1
805720897231294468	25	-1
805729325098078208	79	1
805819403031945216	79	1
805729465611485184	15	1
805720934028103680	24	-1
805729326935187456	79	1
805844798871666688	79	1
805653164691222528	43	1
805720487192096768	43	-1
805871435411505153	79	1
805829420661481476	69	-1
805796151999926276	20	1
805820957088694272	61	1
805821110956736512	61	1
804811893181390848	34	-1
805845828447457281	74	1
805761249212530688	73	-1
805565602484121600	75	-1
805713842575589376	20	1
805826254297563138	71	1
805909820838649856	70	-1
805828264463859712	79	1
805819449265836032	43	1
805790986529972225	20	1
806213440226398208	79	-1
806104515124559872	69	-1
805970047625621504	25	1
806284615707226112	43	1
806109770205818880	43	-1
806021046168154112	70	-1
806255070400626689	79	1
806077151552356352	61	1
805947515644346368	43	-1
806218721966571520	39	-1
806187093403795456	71	1
806253273141407744	43	1
806048576614830081	43	-1
806078651783487489	14	1
806247325236678657	69	-1
805954946977759232	25	-1
806021410179215360	70	-1
806109765013303296	43	-1
806164170475507712	74	1
806135191416803328	69	-1
806213493053603844	79	1
805941136170905600	43	-1
806197928205414404	43	1
806621493463568389	61	1
806576317022011395	61	1
806298987565293572	61	1
806538506378027009	69	-1
806576210516082688	70	-1
806377835095031808	70	-1
806577585840934913	70	-1
806434390536581120	43	-1
806523027202654212	61	-1
806529125431345152	43	1
806415553669828608	58	1
806563774551511042	79	1
806590554394005505	69	-1
806447994283425792	61	1
806534968839204865	61	-1
806345324713439232	74	-1
801904728523374593	75	-1
806362994812846082	74	1
806555360244989953	79	1
806615464197705734	69	-1
806470642363199489	43	-1
806753765265018880	43	1
806770319193014272	25	1
806943281024299008	79	1
806964680715595778	15	1
806960780604219392	69	-1
806769031155879936	70	-1
806907210580172800	30	1
806920650396930048	79	1
805858049520963584	34	-1
806679011183169536	79	1
806908560529641473	79	-1
806891019841273856	79	-1
806879051738710020	16	-1
806976523618107392	43	1
806979027336646656	43	1
806979011800928256	43	1
805450471125254145	30	-1
806958587067166721	69	-1
806731147107385344	54	-1
806899845814435840	43	-1
806916331803029504	30	-1
806954703812788224	23	-1
806937010728411136	40	-1
806857138198880256	25	-1
806864505938608128	79	-1
806964603804676096	15	1
807303600036642816	14	-1
807303712905580545	43	1
807097141315432448	70	-1
807325742157729796	57	-1
807276555760189441	69	-1
807279863241515008	69	-1
807299894880960514	61	-1
807211977999196161	25	1
807342628698210304	70	-1
807321430815834112	79	1
807031801357238272	79	1
807338891476926464	69	-1
807203777006727172	75	-1
807272119247761408	69	-1
807418138379821056	43	1
807621847797944320	79	1
807464528866902017	31	-1
807405732262006784	2	-1
807680370124521472	0	1
807704704272728065	66	-1
807459731103162368	79	1
807626102180958209	0	1
807390489091653633	43	1
807377553543536640	75	-1
807892189464424448	79	1
807945132519657472	57	-1
808009413449699328	74	-1
808080195743715329	25	1
807892290744283137	43	1
808087992602595328	17	1
807789531168653312	75	-1
807999310570758144	0	1
808017813604429824	0	1
808340664756731905	25	1
808368171870814208	79	1
808344379127660544	79	-1
808386930467606529	69	-1
808131720235118592	43	1
808410952513257473	15	1
808233331125080064	30	1
808278543276896257	79	1
808341299908771840	43	1
808397494904360960	69	-1
808262076225429504	69	-1
808144375041519617	25	1
808315168258015233	74	-1
808381855653396481	43	1
808259693374296064	79	1
808770366520913922	15	1
808734887016538113	69	-1
808520107349737472	43	1
808713573732089856	22	1
808762288375271425	43	1
808764633041539073	43	1
808793471549050880	79	1
802112840085565442	25	-1
808801721388593153	15	1
808796173670682624	43	1
808770346178449409	15	1
808778424730918912	79	1
808721435657207809	74	-1
808759671234314246	25	-1
807725331960500228	134	1
808775373999767553	79	1
808494508270899202	24	-1
808792773705003008	30	1
808503819340484608	61	1
808736054593388544	79	-1
808798563593519108	79	-1
808771625080459264	15	1
808793653363646464	25	1
808491662406086658	25	1
808630654225313792	61	1
808646564898017280	43	1
808761018952380416	43	-1
808801420770156544	24	-1
808808617730314240	79	1
808699484733579264	30	1
808481675818762240	43	-1
808769394788749316	69	-1
808809376895025152	20	1
808654284288118784	43	1
808649464844009472	43	-1
808787421139791873	43	1
808776137635692544	43	1
808653852123824128	79	1
808687827756138496	79	1
808750710141702145	69	-1
808564116398940162	55	-1
808622135891623936	43	1
808764816831774720	74	-1
808659461183336448	57	-1
808788615694319621	43	1
808775383378231300	79	1
808779625233006593	79	1
808760993757143042	43	1
808630892667293696	74	1
805724775943389184	43	1
808698911921733632	30	1
808520137577992194	79	1
808552937714761728	74	-1
808775340160090112	15	-1
808775310946828290	15	1
808481682353491970	43	1
808477979093372928	73	-1
808748353144004608	25	1
808483685829931008	61	1
808777907103531008	79	1
808771286784569344	20	1
808793802492276737	43	1
808754807964110848	69	-1
808810096671293440	43	1
808775328797753344	15	-1
808776122796228608	43	1
808797423145365504	25	1
808232697378304000	30	1
808778866412109825	43	1
808821932837715972	15	1
808688233538342913	43	1
808712263611940864	61	1
808770342160371713	15	1
808808615721189376	79	1
808814292585873408	79	1
808775322279809025	15	1
808808613275901956	79	1
808749099587694592	61	1
808798792036323328	43	-1
808813786790510592	43	1
809143278184656896	61	1
809105831497076737	12	-1
809164380520726528	70	-1
808871769029349376	43	1
808871767070670848	43	-1
809121591602933760	3	1
809112064069398528	43	1
808923379160018944	43	1
809144787358154756	79	1
809087886834409472	79	1
809026568714616835	43	1
809046188616011776	16	-1
809089429524586500	43	1
809048939068538884	61	1
809177980639543296	7	-1
808955546149777408	74	-1
809071538511159296	43	-1
809097092769652736	79	1
809026562674802688	43	1
809103228235350017	43	1
808923038926376964	79	1
809080529068892160	59	-1
809142735504637954	15	1
809008919200854020	43	1
809071504365330433	43	1
809121768296288258	44	-1
808827091768709121	75	-1
809025500421259264	79	1
808813786790510592	43	1
809025495132209153	79	1
809144311560437760	43	1
808889397131218944	43	1
808852690587516930	79	1
809165290470866944	58	1
808923063186288640	79	1
809008917116284928	43	1
809135801636360192	79	1
809040046921641988	14	1
809071534077865984	43	1
808974846906372096	25	1
808699484733579264	30	1
809037847680389120	79	1
808827884798361600	43	1
808889420577468416	43	-1
809159808045592576	25	1
809069210483601408	25	1
808870309327577089	79	1
809066141767397377	61	1
809081674801745920	74	1
809083764089430016	70	-1
808964136256290816	79	1
809036475136430080	61	1
809068886893166592	79	1
809006690419036160	79	1
809025466933841920	79	1
809025519006138368	79	1
809119409742680065	79	1
809065799612854272	43	1
808964849820639232	43	1
808870311072567296	79	1
809161141851193351	43	1
809136019882774529	43	1
809153340894572544	79	1
808977143015337984	79	1
808232697378304000	30	1
809008929514655744	43	1
809039060098547712	43	1
809052839779663872	79	1
809165683720421376	70	-1
809026213717098497	61	-1
808837454706962432	79	1
809025512165244928	79	1
809102649828249600	15	1
809025478782750720	79	1
809036203488145408	43	1
809025488475799552	79	1
809025472944336896	79	1
809053057417875456	79	1
809160919880269825	79	1
808923054449561600	79	1
809136989312270337	79	1
808923376605687808	43	1
809144789857865728	79	1
809355536349151232	15	1
809363031050350592	15	1
809461205450559493	15	1
809477435607711745	79	1
809477432646533123	79	1
809341266286825472	69	-1
809396697793265664	69	-1
809478966386053120	79	1
809338517746778112	43	1
809470392083611648	79	1
809543114625077248	74	-1
809200772533592064	70	-1
809383936803667972	73	1
809213487968911360	74	-1
809355524261167105	15	1
809363076038479872	15	1
809291934074212352	25	1
809284383609716736	25	1
808711212519346178	34	-1
809479202005274624	79	-1
809220436072550403	65	1
808793013451444224	30	1
809521062866194432	43	1
809489149795385344	43	1
809480757320306688	43	-1
809515910700605440	9	1
809142190144372736	34	-1
809363045059330048	15	1
809422962180943872	71	1
809490355326451712	74	-1
809197782808543232	70	-1
809457863760420864	79	-1
809199331161079808	79	1
809442930473607168	25	-1
809200090032259074	70	-1
809363040613371904	15	1
809544228749524992	79	-1
809460093490266112	69	-1
809484449456865280	25	1
809528230986313732	44	-1
809447948484509696	74	-1
809435186576375808	69	-1
809443219331252225	69	-1
809470648569524225	43	1
809199329558876160	79	1
809425533142528001	43	-1
809444809949794306	61	-1
809519934577385472	14	1
809424635402002432	79	-1
809389443622653952	69	-1
809315633812934656	79	1
809393850313633792	25	-1
809461800198492160	25	-1
809747291083051008	73	-1
809591589941182465	43	-1
809601672444084228	43	1
809785064892624897	79	1
809898873951059968	15	1
809702902000402432	74	-1
809579916304023552	79	-1
809718281464586241	79	-1
809829410757083136	74	-1
809600736925515777	79	1
809670035438469120	30	-1
809497919845990400	34	-1
809660294955991041	30	1
809879801318305794	43	1
809824352187326464	79	1
809877272396177408	75	-1
808699484733579264	30	1
809568883455705089	43	1
809601669986189312	43	1
809601677938556928	43	1
809600729035997184	79	1
809601696393523200	43	1
809825271444553728	22	-1
809826244497969156	69	-1
809600726943068160	79	1
809336547023683584	30	1
809553646107004928	20	1
809578301685698565	74	1
809863670654205952	70	-1
809559810228318208	79	1
809750099731488769	43	1
809752906085736448	20	1
809776465877336068	61	-1
809846505599303680	79	-1
809570804795117570	74	-1
809613624625025024	74	1
809676966139805697	25	-1
809601680677502976	43	1
809812851544170496	71	1
809600733255520257	79	1
809709483761041408	79	-1
809563708275859456	20	1
809898857408634880	15	1
809779543733129217	61	-1
809959746040135681	79	1
809963885587496960	75	-1
809959741254467584	79	1
809913523891556352	79	1
810009161853333504	25	-1
810025273429229568	79	-1
809913941707067393	43	1
809961598026731520	43	1
809990098947280897	79	1
809670035438469120	30	-1
809959744324718593	79	1
809961600962691073	43	1
809961608042741760	43	1
810252607948091392	30	-1
810208324042035204	66	1
809959742818910209	79	1
809959733775966209	79	1
810013445584289792	30	-1
810181032041414656	19	1
810239653789990912	75	-1
810495316306829312	79	1
810495326683627520	79	1
810422975870750720	79	1
810451853582434305	79	1
810342365244391424	74	-1
810495330559098880	79	1
810495740204158976	43	1
810452465682382848	43	1
810470811043655682	0	-1
810011303964188672	30	-1
810423471855566848	43	1
810423473357066240	43	1
810423468680417280	43	1
810495749330993153	43	1
810422996678623232	79	1
810528617331560452	74	-1
810495742926274560	43	1
810495314587222017	79	1
810692041931952128	79	1
810819723508203520	65	1
810692052472229889	79	1
810011303964188672	30	-1
810740073826254848	79	1
810911122450743298	70	-1
810692036668047360	79	1
810956629562757121	69	-1
810923183389937665	16	-1
810955197241495552	69	-1
810693975350845440	43	1
810692050639323136	79	1
810644907312480256	7	-1
810890528560648193	29	1
810650008995426305	15	1
810830322971672576	61	-1
810693973572460544	43	1
810778148937863168	6	-1
810772660506476544	13	-1
810945676662206464	69	-1
810852502077837312	43	-1
810923731430338562	34	1
810926451675406336	25	1
810964427029745673	75	-1
810779132254679042	6	-1
811310119241785345	63	-1
811195102840373248	43	1
811184681324605440	43	1
811304899736666112	79	1
801501172414771200	61	1
811112132486066176	30	-1
811326793454010368	75	-1
811168677936689152	43	1
811020138032091136	61	-1
811165013016612864	20	1
811167155630833664	15	1
811169609869127680	15	1
811197095361118209	20	1
811140360680280064	20	1
811018631228387328	43	-1
811167151054843905	15	1
811167190426800131	15	1
811169608426287108	15	1
811301861433155584	15	1
811167170298318852	15	1
811172125272899584	79	1
811310540987441156	63	1
811305473412567040	43	1
801502447437053952	79	1
811018622609059841	79	-1
801503642826248192	43	1
811300606484893699	61	1
811020136379535361	61	-1
811172121657352193	79	1
811310200758091778	63	-1
811106434234667009	30	-1
811167162358497280	15	1
811035924788219905	25	-1
811169621118222337	15	1
811051004741505025	75	-1
801518790802604047	43	1
811167187926913024	15	1
801502449332867076	79	1
811173446084399105	43	1
811125799801749504	79	-1
811409689535803392	79	1
811565486936850432	79	1
811411252979388416	43	1
811673872957218817	25	-1
811409678303449089	79	1
811689203214012416	75	-1
811409683235872768	79	1
811523411705008128	43	-1
811673139306496004	69	-1
811664125231243264	79	1
811566121082114049	43	1
811494239397937152	15	1
810923731430338562	34	1
811592341416976384	43	1
811360566673424384	25	-1
811708863506481152	0	1
811632412342059008	69	-1
811566119328870401	43	1
811652793593434112	7	-1
811700884040253440	69	-1
811643689818726400	20	-1
811413396797136900	75	-1
811594602297769986	25	-1
811409717671104512	79	1
811364731919462404	79	-1
811594981127364608	79	1
811542421632860160	69	-1
811365949563604993	43	-1
811630154124554240	43	1
811411250294980609	43	1
811711884978225152	57	1
812021168525832192	25	-1
811900648807661569	43	1
811753155020980224	25	1
811919710912712704	75	-1
811726192944541697	75	-1
811768253051637760	25	-1
811859275085709316	15	1
811900223404511232	79	1
811901547051368448	79	-1
812057501638262785	43	1
811753153179754496	25	1
811743389536387073	43	1
812053412200189952	71	1
812018772861210624	79	1
812055691645091841	71	1
812055184855695360	71	1
811832774244048896	79	1
811742879894880256	79	1
811902255939076096	74	-1
812019685164257281	43	1
812054931544780800	71	1
812073317448515586	15	1
812056302541271046	43	-1
811903135220428801	43	-1
812025133804175360	61	-1
812009613793067008	57	-1
811743387195949056	43	1
812019724922060801	79	1
811992878381727744	69	-1
812056296295976960	43	1
812101907774898176	73	-1
812138579686199296	79	1
812219772012216320	43	-1
812138215389937664	75	-1
812138572392386562	79	1
812120822852653056	20	1
812141769697751041	43	1
812093169219186688	14	-1
812221236658847744	25	1
812224774084694016	43	1
813829155406118918	43	1
813836262176071686	15	1
813852925592293376	79	1
813879003928989697	74	-1
813853023483076609	43	1
813783750542704640	55	-1
813853026834411520	43	1
813852920034770944	79	1
813828883585888256	79	1
814013999545221120	30	1
814120895094603776	69	-1
814107755246186496	69	-1
814007576216162304	79	1
814019342081757184	20	-1
814013742165925888	79	-1
813979904714928128	79	-1
814161516739973120	25	-1
814086019188301824	25	-1
813990152561377280	43	-1
814010082652549121	61	-1
814141715732897792	61	-1
814106503904972800	30	1
814204654477316097	70	-1
814209887253184512	7	-1
814047407403057152	69	-1
814048334482735104	69	-1
814007924133658629	43	1
813785284018110465	34	-1
814180572868317184	69	-1
814513936695431168	79	-1
814522209347702785	74	-1
814594617656086528	61	-1
814297732907028480	0	-1
814106503904972800	30	1
814374986647502848	79	-1
814338857466466304	61	-1
814338859232358400	61	-1
814423811726643200	69	-1
814517017147535360	22	-1
811300859288154112	43	1
814613142688952320	15	-1
814838120524828672	14	-1
814797065620484096	79	-1
814853392162062337	70	-1
814863652058636288	25	-1
814625295814758400	75	-1
814770661965070336	79	-1
814638569700675588	73	-1
814781115399602176	52	1
814866185779089412	79	1
814867099785056256	43	1
814770663252697088	79	-1
814819760454115328	73	-1
814872910917758977	69	-1
814811610699231232	69	-1
814690000595918848	25	-1
814780596253696000	25	-1
814863649810497537	25	-1
814870580595933184	69	-1
814797804703023104	43	-1
814106503904972800	30	1
815186613160579072	43	1
815107912251174912	70	-1
815199370425401345	20	-1
815229056782319616	79	1
815160854199103488	79	-1
815165260319571968	43	-1
815463259964895232	70	-1
815393742907707392	79	-1
815363337445842944	73	-1
815627696680136705	79	1
816032312072765440	69	-1
801503640741675009	43	1
815881131635724289	15	1
816064089881448448	79	1
815874335428775936	69	-1
801518759487930373	79	1
815802907702345728	12	-1
815952139939958784	69	-1
816064122328649730	43	1
801501174369288193	61	1
816062384364290048	52	-1
815898357323407360	75	-1
815970392359706628	69	-1
815969559542984709	70	-1
815881905522491396	69	-1
816016942490324992	69	-1
816007850472390657	69	-1
815967140402622464	69	-1
811168677936689152	43	1
815969685610975232	25	1
815981763327574017	69	-1
815969682343591943	25	1
815879181775106048	43	1
816424971207524352	20	1
816286208569602048	15	1
816300806781669376	69	-1
816276232723660801	43	-1
816400243436748800	75	-1
816259608188690432	61	-1
816076245289078784	15	1
816093031376060417	79	1
816275590407946240	79	-1
816224734971105280	15	1
816079753048428544	79	1
816121260287660036	70	-1
816312136137838592	69	-1
816434766215925761	54	-1
816706863106555904	69	-1
816459608382406656	71	1
816765034667741184	54	-1
816700824739082244	79	-1
816740243080695820	69	-1
816639539817152512	69	-1
816631690672148480	73	-1
816622651108130816	75	-1
816780665156960256	79	-1
816783561806135296	20	-1
816598474884005888	69	-1
816702007486529536	25	1
816772675615891456	54	-1
816755641016586240	69	-1
816490821113573378	74	-1
816978318025166849	69	-1
817019555092500480	16	-1
816978418822746112	43	-1
816388813597671430	34	-1
817033904645427200	24	-1
817108946850873346	71	1
817050715898150912	63	1
816968302169882624	43	-1
816847805348216832	70	-1
817125078873886720	79	1
817108693422641153	71	1
817019971767271424	79	1
816856783008436224	25	-1
817125564846919682	43	1
817115571489796098	37	-1
817108027975340033	79	-1
817125567384395776	43	1
816978399910629376	43	-1
817056378653147137	43	-1
817086589666988033	61	-1
816860659669417984	79	-1
817003532155047936	43	-1
816965338361458688	61	-1
816965785662918656	43	-1
817432887712710657	79	1
817419446298038272	37	-1
817304246588768257	74	-1
817307530317668352	63	1
817420199259312130	20	1
817407910854569986	25	1
817462796879269888	69	-1
817354758923096064	69	-1
817438909692977153	20	1
801501174369288193	61	1
817433950683418624	14	1
811135761953280000	61	1
817433615197937668	43	1
817490451296989184	20	1
817404317414150144	9	-1
817347814015586308	70	-1
817347917510017024	70	-1
817348981718183938	70	-1
817282824147443712	43	1
817433881624346624	69	-1
817373362787852294	69	-1
817440753043419137	54	-1
817211592492412930	75	-1
801518790802604047	43	1
817362611620589568	25	-1
817175281500819456	73	-1
817356468315975680	73	-1
817192976543838209	17	-1
817740857289936897	74	-1
817780094282461186	3	-1
817667350392508416	20	1
817701651893157888	79	-1
817408518303129601	34	-1
817738095013588992	43	-1
817679700105400322	25	1
817574807684481024	74	-1
817537667734892544	73	-1
817936439774236676	75	-1
817983498988425216	43	-1
818161811014946817	70	-1
817913132370706433	20	1
818081248560238592	73	-1
815886821217406977	43	1
818446561646673920	69	-1
815879377477050369	61	1
818426440060436480	43	-1
818448536547246080	70	-1
818393110950670336	79	1
818274998058098689	70	-1
818364429830070272	70	-1
818451954712145920	57	-1
818436706072334338	69	-1
818404756465053696	79	1
818530168952262657	43	1
818381682537562113	15	1
818442610968772609	69	-1
818545074787250177	70	-1
818426437581570048	43	1
818434340644237314	70	-1
818496639048515584	79	-1
818542648722014211	20	1
818524834263158784	15	1
818381686081732608	15	1
818528080142749696	69	-1
815885418809978880	79	1
818672609260929025	79	-1
818938056019480578	79	1
818879853466370048	43	1
818891778409582592	69	-1
818624425608232961	43	-1
818888802030731264	63	1
818948179441942529	79	1
818775628308746240	69	-1
818915202418802688	43	-1
818824522623291392	43	-1
818914084217233408	25	1
818885319764439040	79	1
818892930819571712	41	-1
818888946943983616	30	-1
818910410833154048	55	-1
818798830661595136	75	-1
818674748892872704	43	-1
818919538955849728	79	1
818927476147716096	15	1
818899221692694532	22	1
818919542269349888	79	1
818938438019940353	79	1
818932251702530048	7	-1
818940328870903809	43	1
818866902802034688	61	1
818900029578612736	74	1
818880316790231043	26	1
818914432927539200	79	-1
818872536851050496	11	1
818880838679072769	69	-1
818938077213114368	79	1
818963014766444545	43	1
818878408260288512	61	1
818920495429074944	79	1
818970456195743745	70	-1
818783732853313536	69	-1
818940337838313473	43	1
818876228069425152	74	1
818922727532851200	43	-1
819067234328989696	15	1
819067178351816704	15	1
819149496642899968	79	1
819102478637662208	15	1
819169556589592576	79	-1
819242499260620800	14	1
819227405722058752	25	1
819238275021996037	71	1
819113021796716544	79	1
818970949823459328	9	-1
819129952154988544	45	1
819173380519849984	79	-1
819090322986795008	30	-1
819018358393884675	79	1
819090043977474048	43	-1
819261872171978752	20	1
819113030705446912	79	1
819149491827867648	79	1
819186494460063744	69	-1
819265794907504641	79	1
819114155638562817	25	1
819182955461574656	15	1
819271024575467520	69	-1
819099054625804288	25	1
819113017686298624	79	1
819016271887003648	61	-1
819219507377999872	15	1
819258461523415041	15	1
819257085644767233	14	1
819136616514146305	74	-1
819242787833004032	43	1
819102456604983297	15	1
819102449772482560	15	1
819113041715466241	79	1
819292609806012416	43	1
819318752453992448	70	-1
819067213822955520	15	1
819113027668742144	79	1
819113941678882816	43	1
819114286907879424	79	1
819185877725233152	25	1
819284022551420928	25	1
819050038248796161	79	1
819067216528281600	15	1
819131823972294656	45	-1
819232440396828672	20	1
819067208911491077	15	1
819166404951818240	61	1
819200378382204928	16	-1
819113014007889920	79	1
819214058519986176	61	-1
819113019619889152	79	1
819202261012381701	43	1
819258215359795201	61	1
819156709100945408	43	1
819052358629990405	43	1
819067210777956353	15	1
819132773638098945	20	-1
819209127469731844	61	1
819067229606178816	15	1
819162794331410432	15	1
819113003857612800	79	1
818991896857116673	43	-1
819033742241103872	79	1
819034731396427776	43	1
819242527018471425	20	1
819089543584509952	61	1
819245902149910536	15	1
819229158429589504	61	-1
819067189097627648	15	1
819246272792010752	25	1
819287553845116930	43	-1
819300520984776704	79	1
819102466784559104	15	1
819114154174783489	25	-1
819067184232169473	15	1
819350601461071875	79	1
819350216587546624	71	1
819589547566710784	74	-1
819384325238063108	79	1
819384324017549313	79	1
819384328891277312	79	1
819526948661723136	79	-1
819534454242807808	70	-1
819527949569392640	43	-1
819544630106656769	69	-1
819639961691521025	79	-1
819484305135202305	79	1
819389840999452673	79	1
819384322570518528	79	1
819444668328976384	57	-1
819563514520018944	43	-1
819553698074464256	15	-1
811134620213411841	43	1
819568624319025152	44	-1
819379442367729664	74	-1
819569753878646785	70	-1
819681123383017476	70	-1
819535113839136769	70	-1
819681646945435654	9	-1
819553700733681664	15	-1
819562631065387009	61	1
819336309223419904	75	-1
819477319786106880	15	1
819552034919567360	25	-1
819384337233809408	79	1
819435039452700673	79	1
819444105264693249	61	1
819562716637564928	79	-1
819486104869081089	61	-1
819635794285654016	70	-1
819491637441089536	25	-1
819384335602188289	79	1
819539899611226112	69	-1
819478103458246656	61	-1
819688960033177600	79	1
819913095531417600	79	-1
820040329206386688	43	1
819927320983207936	7	-1
819988030383656960	61	1
819946433881243649	43	-1
819938340833292291	79	-1
819877218193174529	74	1
819895777245872128	79	-1
819963497060728833	69	-1
819920746482925568	66	-1
819969815960031232	9	1
820016346364661760	25	-1
819935182207717377	74	-1
819955103406944256	79	-1
820032812212514816	43	-1
819997949858086912	16	1
819948399948484608	25	1
819840934959456256	20	1
819893182087524352	73	-1
820056029367042049	74	-1
819939453938634752	61	-1
819846853038665728	69	-1
819918199470714880	25	1
819969631133855745	79	1
819938705284722689	43	-1
819948399055093760	25	1
819982381327138816	25	1
819965255212236800	22	1
819964533372579840	79	-1
820056026791735300	74	1
820012904187564032	15	-1
819847875295330304	43	1
819982227220168704	59	-1
819731702763372544	57	-1
819947811122925569	30	1
819720494781988864	74	1
819980954487975937	79	-1
819896854485803008	43	-1
819866144722956289	14	-1
819938347271540736	79	-1
819877836676796417	43	1
819938312915943424	79	-1
819979198030868480	69	-1
819733235798159361	25	-1
820315866889932800	44	-1
820207926841376768	61	1
820352824714399745	24	-1
820227064322228224	74	-1
820209183723319296	61	-1
820104720949923841	79	1
820229588819345409	74	-1
820075022740033537	57	-1
820099463519883265	43	-1
820091345993957376	44	-1
820255571718897666	73	-1
820284535669669890	43	-1
820264798579474432	61	-1
820099210133520384	79	-1
820238402482302976	74	-1
820107041779892224	43	1
820221437403201536	20	-1
820156016868241408	25	1
820061647687458816	25	1
801628911293648898	75	-1
820061115845660673	75	-1
820257265471094785	74	-1
820339140009066496	30	-1
820631658831298560	25	1
820666105597464576	22	-1
820735098299568133	43	-1
820571621006131202	79	-1
820687775099781120	30	-1
820572655975809024	43	-1
820778344828506119	55	-1
820553944879550464	15	-1
820290739028586497	30	-1
820592708360241153	57	-1
820571615192825857	79	-1
820617954052206594	73	-1
820444531489284096	20	1
820520179742470144	70	-1
821085481597304834	43	1
821117597022179328	14	1
821111251090702336	75	-1
821085483048570880	43	1
821049152964464640	14	-1
821116538749153282	43	-1
821063612064219141	43	-1
821116104680636417	9	-1
821118194773622784	43	1
821027877818892290	79	1
821020947029327872	43	-1
820837124173889537	43	-1
821009408402608128	61	-1
821117631495282690	15	1
821085478522880001	43	1
821061466002489344	22	-1
821046801067343872	79	-1
820835886233489408	79	-1
821012012134232064	15	-1
821063506799759361	79	-1
820790196811669506	25	-1
821027866771148800	79	-1
821046815478939648	79	-1
818517261065605121	43	1
821049758378786818	43	1
821073316815376384	14	-1
821028468708274176	43	1
820837130419245056	43	-1
820997972297138178	79	-1
821037766477840384	63	1
820804529528524800	20	1
820835889358180356	79	-1
821085480280322048	43	1
818517038696112132	61	1
821003873540276224	79	-1
821058213218947072	25	1
821506671100821504	14	1
821344926634045440	79	-1
821458824691380225	43	-1
821176835463671812	43	1
821274414050398208	79	1
821324518732001281	79	-1
821384795607416832	69	-1
821156165312794629	79	1
821274382911885312	79	1
821263248452358145	30	-1
821468169797771264	69	-1
821384291217211392	61	-1
821197881092833280	75	-1
821378418763853824	61	-1
821239325815881728	70	-1
821268695930597376	15	1
821356850755043333	9	-1
821210718741610496	43	-1
821440963503685637	55	-1
821312220495745025	70	-1
821506596312350721	40	-1
821273682811191299	15	-1
821458304287252481	22	1
821471371633029120	79	1
821329100832997376	43	1
821203290243432448	74	-1
821373825631875073	79	1
821546816135163905	43	1
821751998261460992	69	-1
821770920993947653	71	1
821719222627815424	75	-1
821123893402472451	30	-1
821795521006342144	79	1
821812464807452673	43	1
821796009885966336	74	1
821641172414242816	61	-1
821754172756344833	69	-1
821759631320088577	43	-1
821525303797444608	43	1
821797112094609416	69	-1
821811962975809543	79	1
821512973839646720	43	1
821683864573710336	43	1
821525025182416900	61	1
821778574470422529	43	1
821811227659763712	43	1
821691359987953664	65	-1
821683840624263168	43	1
821680913939628033	79	1
821604590877634561	61	-1
821750935470870529	43	-1
821511541967253504	43	-1
821805639651295232	25	1
821743214445072384	29	-1
821636569631223808	57	-1
822198994721980417	57	-1
822036393090318340	79	1
821990603617538048	14	-1
822027622418960384	43	1
822001542438023168	15	1
822146486985228288	79	1
822025596167483393	79	1
822147766470184962	79	1
821877692584882177	74	1
822224875628724228	24	1
822025597861896192	79	1
821967960260546560	25	1
822044051499339777	43	-1
822037670444625922	43	-1
822019846779129856	79	1
821966221356728321	15	1
822050839065989121	79	1
822064203024527364	43	1
821950109529280512	79	1
821966226096291844	15	1
821994540995346432	61	1
822086140077502464	79	-1
822115528538001408	22	1
821123893402472451	30	-1
821919420272537600	43	1
822037675586764800	43	-1
822114799559516161	61	1
822027706124607488	69	-1
821966251530588160	15	1
822147188834897920	43	1
822143148772069376	0	1
822027623949856768	43	1
822145958205157381	43	1
821919427864264704	43	1
822025630065815552	79	1
822036396730880000	43	1
821917206426583040	79	1
822142355012603904	14	1
822047560714092545	69	-1
822123496692187137	15	1
822005711366287360	25	1
822117325902086148	79	1
822019840328302592	79	1
821966240046583808	15	1
822130965287931905	43	1
821919159688843264	74	1
821979705142349824	57	-1
821962795650547713	61	-1
822001522963836928	15	1
822001570216869888	15	1
821966252885372928	15	1
822019833697026048	79	1
821941143504089089	15	1
822009894375018496	79	-1
822062978216423424	79	1
822088753602641920	25	1
822147186209198082	43	1
821941139553001472	15	1
822131794157834240	14	1
822008952892391425	55	-1
822210247548878848	43	1
822217149242601472	34	-1
822005197715095552	20	-1
822146485303255041	79	1
821919424332660737	43	1
821967956624052224	25	1
822036404872024065	79	-1
822001537845260288	15	1
822209258628481024	79	1
822149788191879168	43	1
821966263090053120	15	1
822498997663305729	79	1
822521262928986115	15	1
822466865565995008	43	1
822560612299444224	25	-1
822466869957423104	43	1
822503655320522754	34	-1
822353050878742528	70	-1
822466872482402304	43	1
822561750054739968	61	-1
822549979101364225	69	-1
822499001635323904	79	1
822459173057265664	61	-1
822521234441302016	15	-1
822525177699373059	79	1
822497669125967873	24	-1
822234500528738304	79	-1
822283292665847808	79	1
822550425937309696	79	1
822282890075635713	70	-1
822530412308295685	25	1
822284349018112000	43	1
822526232776556545	15	1
822284347227209728	43	1
822526232776556545	15	-1
822534162670354432	59	1
822284361714307072	43	1
822523490142191617	43	1
822517421764440069	74	1
822568794656829440	43	1
822284327069347841	43	1
822523490142191617	43	1
822472214792519682	74	1
822553278395416579	34	-1
822521451563646977	79	1
822283314686001152	79	1
822551107155197954	43	-1
822567959893856260	79	1
822935260249919492	74	-1
822897403544080384	74	-1
822923227777400833	75	-1
822846204795092992	63	1
822768763456131072	43	-1
819486893800824832	43	-1
819474270145413125	43	1
822644261493624832	43	-1
822681050044334080	70	-1
822862776863490048	79	1
822760344405872640	74	-1
822665337921474560	70	-1
822924480615972864	55	-1
822792292268380160	73	-1
823208965391650816	43	-1
823043035072253952	70	-1
823285611603824641	75	-1
823206877576183809	79	1
821673339307642880	79	-1
823154669925056512	73	-1
820994907292766210	43	-1
823080933859409920	70	-1
823197916986806276	70	-1
823271828059725826	79	-1
823216429432471552	43	1
823203072138743809	27	-1
823281857294925825	24	-1
823043177749839872	70	-1
823271829750083584	79	-1
823527635045195776	70	-1
823551197231587328	7	-1
823639758261862404	69	-1
823545016337448961	79	-1
823571875079065601	29	-1
823628903042273280	25	1
823560684713734145	70	-1
823628904069902336	25	-1
823617574927679488	25	1
823501402534268928	15	1
823648139156606977	69	-1
823413513372758016	79	-1
823583604458418177	25	-1
823604987326529536	61	1
823565896971091972	79	1
823581370949701634	22	-1
823495769953071105	69	-1
823414130577199104	70	-1
823625053355053056	61	-1
823624673862750208	15	1
823583601912475649	25	-1
823614560284315648	43	1
823470736182480896	43	-1
823454341210210304	43	-1
823627375850221568	61	-1
823442672601862144	20	1
823487586253635586	15	-1
823563864004587525	43	1
823548671333728256	43	1
823925744464175104	43	1
823994725699043329	69	-1
823819772928389120	70	-1
824034106434584576	43	1
823686225727000581	26	1
823999824500584450	69	-1
823953371971354624	79	1
823907988775829508	43	1
823850113181319176	15	1
823953094715338752	43	1
823865191943335937	79	1
823819404509122560	70	-1
823804050944630786	20	1
824035946861658115	71	1
823772866659237888	14	-1
824022513986445314	15	1
823920452317937670	74	-1
823847800282763264	79	1
824003687928463360	43	1
824022511650217985	15	1
823697203785039873	17	-1
823981649419468800	79	1
824002700492886018	79	1
823991580398911491	79	-1
823857923717820416	63	-1
823697262131998720	17	1
824010401859989504	75	-1
823692190098554885	43	-1
823756858871705600	15	1
823847608670154753	61	1
823925023970914306	79	-1
824267161292177409	79	-1
824261315749433350	43	-1
824379964384493581	15	1
824299591495520256	15	1
824390007523864576	43	1
824267881714163712	43	-1
824337956664201218	69	-1
824271894614540288	69	-1
824331034401439745	25	-1
824233075592806400	75	-1
824321805494190095	74	-1
824100536999903232	43	1
824205440447823872	69	-1
824325798563872772	43	1
824312467840966656	69	-1
824274703363743746	44	-1
824100541261381632	43	1
824319390325866506	22	-1
824206299869093888	43	-1
824664798625361920	12	-1
824549972087484418	25	-1
824459437079457793	75	-1
824566344347742208	79	-1
824750624864624642	69	-1
824513527041847296	15	-1
824727694361395201	79	-1
824610366252396545	25	-1
824538815784181760	79	-1
824688826236960773	69	-1
824735163435323392	75	-1
824636793618255873	25	-1
824463578556170244	79	1
824515863994834944	43	-1
824633538800672769	79	1
824558783842095105	69	-1
823953449582821376	43	1
824704884138061824	54	-1
824551250456936448	61	-1
824412940090613760	69	-1
824633493581922305	69	-1
824499646353379331	14	-1
824542272494665728	15	1
824719139033980928	7	-1
824511790663028737	43	-1
824670815748837377	69	-1
824590246897745920	22	-1
824615753731153924	67	-1
824469685806788608	79	1
824601897227132930	69	-1
824445360202452992	43	1
824634053370507264	70	-1
824621693926649857	25	-1
824593481163214848	69	-1
824590321740869632	19	1
825032444017516547	69	-1
824942331317071872	69	-1
825073648922923009	65	-1
824965474320527361	79	1
825019231548870657	43	-1
824842212412231683	71	1
825094918968373249	52	1
824919405335306241	43	1
824856097676615681	20	-1
825052031375138816	25	-1
825074680042106881	25	-1
824931027365801984	43	1
824838908735139841	71	-1
824934676666146816	69	-1
825067130127200257	25	1
824841819116625921	43	1
825114141098639369	69	-1
824991509279805440	174	-1
824965486412759041	79	1
801162879256956930	79	1
801202377147576321	25	-1
801202575399907328	61	1
801515950570803200	14	1
801506269571989504	79	1
801507384254464000	43	1
801541881788321799	61	1
801552923813670917	57	-1
801934712390316032	25	-1
801916459144318976	63	1
801599982608318465	20	1
801594708132700160	20	-1
801866755605872641	25	1
801731000367771648	79	1
802150094502068224	79	1
802157431065350144	75	-1
802238117348593666	79	1
802582797785374720	30	-1
802524869153812480	61	-1
802957685863936000	75	-1
802804814824415233	43	-1
803245517975134208	79	1
803161536332079104	25	-1
803058457410760704	79	1
803302464053096448	0	-1
803320048404271104	75	-1
803028921444864000	75	-1
803360119601905664	15	1
803316328287244288	14	1
803163633819721729	79	1
803365381578559488	25	1
803542816035049472	69	-1
803571514884825088	15	1
803404324806258689	61	1
803615110094843904	43	1
803568970397847552	69	-1
803435335338356736	71	1
803671516462206976	0	1
803576775666040832	25	1
803665478627553280	61	1
803967374311485440	22	1
804028012836651008	74	-1
804073016682545153	37	-1
804078413296390149	79	-1
804075272542765056	24	-1
803967436164763648	0	-1
803796555132268545	79	1
803967453692719104	0	1
803988231091957762	25	1
804214947798482945	70	-1
804228689978269696	20	-1
804277986937675777	79	-1
804377047325782016	25	-1
804659358449532929	20	1
804813018865565696	79	1
804805406681800705	0	1
804660283381862400	43	1
804528265452994560	43	1
804821736516685824	15	1
804752592324673538	79	1
804767248300867584	43	1
804803833037668352	75	-1
804706469778169856	43	1
804876645471490048	61	1
805135795501678592	25	1
804841418007216128	79	1
805044787715932160	45	1
804909825230520320	79	1
805265766731907072	74	1
805528953721131008	61	1
805335983873019906	79	1
805819446405267456	43	1
805714727380930560	61	1
805835990849961984	43	1
805804307522224129	69	-1
805750124580392960	75	-1
805871986291470336	43	1
806208485448892416	61	-1
806135861322584064	69	-1
806215506562842624	43	1
805941401183748098	7	-1
806178153790078977	79	1
806142987222847489	79	1
806555709122953217	69	-1
806434386837209088	43	1
806991039361748992	0	1
806868513080098816	43	1
806746145208680449	43	-1
806932634668560384	25	1
806921127788478464	43	1
807321403523473410	79	1
807298813383819264	61	1
807217387351195648	69	-1
807306149066395648	43	1
807264253048750080	69	-1
807287753226362880	0	1
807351645596045312	25	-1
807427170029174784	75	-1
807872504593321987	15	-1
808373107882946560	55	-1
808344435972915200	25	1
808281034236293120	43	1
808442713712578561	61	1
808368177344315393	79	1
808153305096589313	74	-1
808102314829561856	75	-1
808805124495863810	43	1
808676695700082692	69	-1
808478792503226370	73	-1
808775388298153984	79	1
808775378638696449	79	1
808480562696622084	17	1
808780937333014534	61	1
808703905932701696	22	-1
808760850458808320	79	1
808775384867176449	79	1
808670161058271232	79	1
808933476271525888	43	1
809051347609759745	20	1
809111896465018880	79	1
809153615499788288	43	1
809071542537748481	43	1
809145341962395648	14	1
809025470750687233	79	1
809101948720775168	20	1
809141595329232896	69	-1
808842987543339008	71	1
809104612552740864	43	1
809073783571120131	22	1
809025528699191297	79	1
809026551606026240	43	1
809181299357483008	22	1
808929547953520641	25	1
809093250250199040	0	-1
808989944244944896	25	-1
809264813582991362	15	1
808793013451444224	30	1
809493925966843904	69	-1
809340123414302720	30	1
809363052483244032	15	1
809473880461082624	61	1
809545010295279618	43	-1
809831764311080961	9	1
809768996941787137	30	-1
809796192683130880	7	-1
809898872600494080	15	1
809786821949423616	44	-1
809562812888547328	61	-1
809961603747745792	43	1
809988084959952897	15	1
810423477798924288	43	1
810495312573984769	79	1
810972008729235456	43	1
810902849114820608	79	-1
810833726355578880	61	-1
811169584833294336	15	1
811172140426948611	79	1
811201021477154816	43	1
811304705712275456	20	1
811047372440670210	79	1
811019171635101696	71	-1
811169605704097792	15	1
811172137302163456	79	1
811173434365538304	43	1
811411247371579392	43	1
811630146637754372	43	1
811411254489284608	43	1
811409696515117056	79	1
811632847899398144	14	1
811666325680443392	25	1
811534577823051776	57	-1
812002292744343555	25	-1
812051171984678912	43	1
812039690681483264	69	-1
812141773078360068	43	1
813805296120381441	69	-1
814148928753041408	69	-1
814467117798031360	57	-1
814605811930505218	79	-1
814917008244506624	74	-1
814809651405537280	69	-1
814771311679602688	43	-1
814875061395951616	12	-1
815229827754106880	43	1
814987688147292160	75	-1
815963011756146688	15	1
815769722356699136	9	-1
815966011576950785	43	1
816076212950990848	15	1
816649420662067203	69	-1
816677168902246400	61	-1
816632384812621825	70	-1
817125572824494080	43	1
816804624199925760	47	-1
817086037474189316	14	-1
816977464182325248	79	-1
801514934895050758	61	1
817485932026658817	20	1
817433989136797696	20	1
817559066985627648	20	1
817704171625443328	43	-1
817675041999646722	79	-1
818456124320051201	69	-1
818340417041235968	61	-1
818880116604354561	25	1
818926273485357056	43	-1
818717613828227074	43	1
818892582424023044	74	-1
818955188912406528	15	1
818772880372695041	69	-1
818859632508698624	15	1
818897078298562560	61	1
818902405412769792	15	1
819067223700623360	15	1
819233790484742153	79	-1
819139638984052736	69	-1
819112983343353856	79	1
819112999705309184	79	1
819167621274857472	69	-1
819230991046873088	43	1
819034733892038656	43	1
819228952506068992	43	1
819067182751645696	15	1
819102482865553411	15	1
819092501701201920	74	1
819156702520111104	43	-1
819553372659388417	43	1
819352724038791168	20	1
819384339666468864	79	1
819437278971985920	43	1
819566174325317632	15	-1
819431239870386176	25	1
819618727805251584	43	1
819596014252396545	79	-1
819582290670026754	24	1
819090154547793920	30	-1
819572998571249665	61	-1
819542630212268032	75	-1
819607072119619585	9	1
819981188098125825	43	-1
819915027239018496	61	1
819937205925904388	7	-1
819991299524849664	61	-1
819966052864036865	43	-1
819729231479472128	79	-1
819896851621171200	43	-1
819913125537386496	79	-1
819792771988922369	30	1
819980947051397120	79	-1
819706808428154880	25	1
820232926885531651	43	-1
820167885305901056	74	-1
819090154547793920	30	1
820290739028586497	30	-1
821084637350936577	25	1
820813996815171584	43	-1
821084786735411200	61	1
821117706640494593	43	1
821028015656181760	25	-1
820835455688212480	75	-1
820993665233350657	14	-1
821014034015133696	14	-1
821004175454703616	75	-1
821344952676478976	79	-1
821297096435400704	69	-1
821209042773217280	79	-1
821319761665593344	79	-1
821777721403592704	79	1
821795527327174657	79	1
821523851259629568	79	1
821123893402472451	30	-1
821715412874330112	75	-1
821824695192449024	13	-1
821966245549510656	15	1
822019838499504128	79	1
822036394671558656	79	-1
821886261245911040	71	1
822019843398529024	79	1
822115734822223872	69	-1
822001545361362945	15	1
821995678977114112	79	1
822025612504301568	79	1
822154733813121025	16	-1
822009932388171777	79	1
821966257020923904	15	1
822402646879457280	43	1
822304959580422144	79	1
822283298198220802	79	1
822499181050949638	26	1
822521234441302016	15	1
822283311552798724	79	1
822217149242601472	34	-1
822521448610824192	79	1
823141555322101760	74	-1
820994439044886528	61	-1
823213275097825280	36	1
823628481393229826	15	1
823651674698956800	7	-1
823501305503105024	14	1
823635184981446657	14	1
823639363401695241	43	1
823617831644360704	43	-1
823562540932300804	79	1
801140000377094144	79	1
801179954738147328	75	-1
801138859195174912	61	1
801458314118889472	43	1
801549663950094336	25	1
801475112528580609	40	-1
801535140606464002	43	-1
801557866133848064	0	-1
801530796485943296	25	-1
801530794514624512	25	-1
801485624385605632	7	-1
801518759487930373	79	1
801503640741675009	43	1
801542474145464320	79	1
801630862777327616	43	1
801866754175533056	25	1
801585900811472897	20	-1
801866084437606400	43	1
802232930923872256	75	-1
802250992129548289	15	-1
802089614450237440	27	1
801999817333477376	43	1
802104579508707329	25	1
802580375398649856	79	1
802328313314283520	57	-1
802615063001628672	57	-1
802317522808827905	7	-1
802399011093131264	25	-1
802368829414199296	75	-1
802787946621341696	79	1
802703194346426368	44	-1
802804495684169728	79	-1
802991893936279552	75	-1
802670801539338240	75	-1
802716088509272064	75	-1
803106443167604736	61	-1
803289437992054784	79	1
803290622874570752	43	1
803219948046843904	43	1
803362122969350144	43	1
803673212173373440	79	1
803502350308675585	61	-1
803407119768752128	43	-1
803651926147661824	79	1
803663773580062720	79	1
803726025364533248	79	-1
803579434749988864	20	1
803689658555084801	0	1
803670672819896320	74	1
803698722093744128	0	1
803797707894755328	43	1
803795718083182593	25	1
804056178917457920	25	1
803776388515831808	74	1
803935449366597632	79	1
803875092996456448	79	1
803982071161098240	69	-1
804467747253981184	40	-1
804410678215868416	74	1
804377178599198720	43	1
804210017867939840	25	-1
804115890782486528	79	-1
804380947156180996	71	1
804378410403434496	71	-1
804380459471761408	0	-1
804424541091012608	15	1
804648982962171904	79	1
804497654097051648	71	1
804786041207066624	69	-1
804657424275795968	43	1
804834626397147137	79	1
804835162592804866	43	1
804834623649935360	79	1
804700554333220869	69	-1
804587222632697856	79	-1
804504921554960384	15	1
804703825647046665	15	1
804498161372987393	71	1
804793724605702145	43	1
804841505106120704	43	1
805045323601244160	43	-1
805838354117959680	22	1
805871987843330048	43	1
805773749844742144	25	1
805728452892446720	25	1
805622863864692736	9	-1
805822821569961984	25	1
805871431628234752	79	1
805717915882450945	52	1
805777571510124545	43	1
806130283938533376	69	-1
806178935276994564	43	1
806215210231099392	57	-1
806090131807551488	58	-1
806512009613348864	69	-1
806304861570600960	43	1
806480636907323392	69	-1
806512177112879104	79	-1
806964690211500032	15	1
806976634435813376	79	1
806793633819082752	52	1
806935040814907392	61	1
807157323097632768	69	-1
807300185735000064	43	-1
807296855650553857	15	1
807351647429165056	25	-1
807299385906307074	15	-1
807167684068655104	43	-1
807725331960500228	134	1
807941446716231680	79	-1
807769671759859712	0	1
808278540953288704	79	1
808433434175635457	43	1
808648966380339200	61	1
808771611771994113	15	1
808768860346138624	54	-1
808776121319833600	43	1
808782322002579456	25	1
808794800258420736	61	1
808793013451444224	30	1
808775375425830913	79	1
808689031311671296	71	-1
808794275068674048	43	1
808464688300388352	75	-1
808468501551808512	43	-1
808497569638846465	43	-1
808862711245393920	79	1
809026570723749889	43	1
808887414655696896	79	-1
809078271006609408	43	1
809097542835306499	15	1
809098244605313029	43	1
809174210161606657	15	1
809098696264732672	43	1
809019968759152640	79	1
808967293296181248	25	-1
809164558262792192	70	-1
809154383896190976	77	-1
809291935064014848	25	-1
809470656811335681	43	1
809403396939780097	69	-1
809478968562814976	79	1
809188855106699269	73	1
809363037895487496	15	1
809458157860823040	43	-1
809363028064010240	15	1
809343130063532032	69	-1
809213283156639744	20	1
809320257861152768	61	1
809545406673776640	61	1
809542467821457410	70	-1
809299482042998784	25	-1
809189481823748096	75	-1
809841771790397440	44	1
809759475284447232	69	-1
809600724493565952	79	1
809600731837775872	79	1
809766655530299392	43	1
809765928674197504	69	-1
809600734849302528	79	1
809867451001344000	69	-1
809621096500707328	74	-1
809766253246160896	79	-1
809988090177654785	15	1
809961609791676416	43	1
810011303964188672	30	-1
810413505555943424	15	1
810552964129681408	65	-1
810397823149678592	70	-1
810770765012500480	15	1
810814437720551424	69	-1
810941958592012289	79	1
810693988705595392	43	1
810873963366715392	61	-1
811167152921264128	15	1
811167157086257153	15	1
811345464813436928	25	1
811108407860199424	30	-1
811014594693136385	61	1
803614855282442240	79	1
811029405292199936	74	-1
811167175591493633	15	1
811320296456200192	34	-1
811070335781105664	70	-1
811668692299870208	69	-1
811645651423522816	69	-1
811411258830417920	43	1
811575121072820224	74	-1
811108097393565696	30	-1
812056236774531072	79	1
812066273127501824	43	1
812047590271238144	25	-1
812138575366148096	79	1
812146286912749568	79	1
811320296456200192	34	-1
813828918016954369	79	1
814186587722547202	15	1
814199966629527554	74	1
814123562332262401	69	-1
814153897489158144	59	-1
814078697120694272	61	1
814163944608845825	70	-1
814172839691436032	25	1
814265565464432640	61	-1
814515213991104512	69	-1
814493964019662848	3	-1
814866104585715713	79	-1
814661868556079104	57	-1
815475175806402561	43	1
815394775348244480	43	1
815591207111950336	61	1
815616835366240260	11	-1
815629123695603712	44	-1
815586320777154562	70	-1
815910617227939844	43	-1
815991643157495808	69	-1
816267536333504512	61	-1
816651027315363844	69	-1
816550681725272064	57	1
816681011308298240	69	-1
816711845562187776	69	-1
816702008249856000	25	-1
816638688960638976	43	-1
817044485548998657	69	-1
816960292831772672	69	-1
817108186910117890	71	1
817108440392863747	71	1
817124795384885248	25	1
817139993449791489	7	-1
816849227741536256	75	-1
817178440579235841	54	1
817385264653877248	25	1
817409498784628736	71	-1
817188971448913920	25	-1
817704155619979264	43	1
817547590862512128	37	-1
817701650399920128	79	1
817565531188379649	37	-1
818579119311036416	69	-1
818868787625590784	25	-1
818823491692597249	25	-1
818902882997207041	79	1
818957658644475904	15	1
818902401793060865	15	1
818918364714323969	61	1
819067181233242112	15	1
819151750687027200	43	1
819124768226025472	79	1
819169552156205056	79	1
818994475464847360	43	1
819215958153826304	43	1
819257087150567424	14	1
819158707539939328	61	1
819102495473631232	15	1
819113915653222400	43	1
819112989920006146	79	1
819102488590688257	15	1
819278850890809349	70	-1
819084286989111296	61	-1
819020841484779521	79	-1
818788276106563584	34	-1
819276471910862848	25	-1
819300524193357825	79	1
819278343489159168	70	-1
819596018643779585	79	-1
819384466942689280	43	1
803615110094843904	43	1
801033084858605568	79	1
819600821230927872	67	-1
819490374708117504	14	-1
819562713328320514	79	-1
819929571504062465	24	-1
819718135687196672	25	-1
801501172414771200	61	1
819966060950593542	43	-1
819834192259350529	79	-1
820195149674414080	43	1
820239078931066881	25	-1
820061746274648064	73	-1
820572662640545793	43	-1
821117602017648641	14	1
821077565179887616	24	-1
821037861503954944	79	-1
821063640853999617	43	1
821117599287123969	14	1
820797505537474561	79	-1
821073312218431489	25	-1
821010032594657280	43	-1
821022868683259904	22	-1
821103756192452609	17	-1
821475386899005444	16	-1
821388159900680195	69	-1
821422165786501121	74	-1
821346694151491584	43	-1
821160511580540930	74	-1
821235859525603328	13	1
821341642791813121	43	-1
821473746561142785	75	-1
821578952254877696	79	1
821709543654785025	61	-1
821511546736115713	43	1
821570584811368448	43	1
821510185449558016	15	1
821683843715526656	43	-1
821810989779787780	61	1
821510667635195904	75	-1
821696166744100866	25	-1
822023494909173760	69	-1
821917209056395264	79	1
822025601041264640	79	1
821966237123170305	15	1
822009930018410496	79	1
822086483641270272	79	1
822148459335712768	43	1
822001572309856257	15	1
822010043809796097	43	1
822036390615678976	79	1
822001559735336961	15	1
822000560605904896	79	1
822001580417355776	15	1
822027631407300608	43	1
822198447507968000	75	-1
822517112640040962	43	-1
822284337211117568	43	1
822567966743166979	79	1
822542337666613248	43	1
822428297489448960	79	1
822608812913946625	169	-1
822845720256544768	63	1
823209891275751424	25	1
823540546652098562	69	-1
823535366485475328	61	-1
855820719506284546	30	1
801151517692600320	16	-1
801202892535275520	79	-1
801034771124121600	15	1
801503644361359364	43	1
801500595811037184	25	1
801521231119818752	20	1
801880882688782336	65	1
801858997397716992	61	1
802145859005796352	75	-1
802217918641668098	75	-1
802519783652687873	75	-1
802625486002061312	75	-1
802459471771561984	75	-1
802491723557511169	45	1
803184679356657664	43	-1
803201921993605120	27	1
803613949065363456	69	-1
803406109054799872	61	1
803642042517626880	15	1
803655626735972352	79	-1
803614599031508993	70	-1
803553648219398144	79	-1
803391274162196482	75	-1
803649059122778112	43	-1
803516371891929090	25	1
803622102536335361	20	1
804082138282790912	20	1
803897735309127680	79	1
803987269388566532	61	-1
804053806589743104	14	1
803796570361778176	79	-1
803826939748347904	15	1
804070809522343936	79	1
803908960637972480	25	1
803875605934735360	43	1
804271857398673408	43	1
804215714806636544	70	-1
804431395053518848	2	-1
804335524806696961	25	1
804713525713080320	20	1
804814960907915265	34	1
804677423132528644	69	-1
804479045564043265	43	-1
804777531865972736	79	1
804775456343998464	15	1
804686846575906816	79	1
804705459328294912	25	1
804730731629051904	43	1
805166599082823685	63	1
805245483807555584	79	-1
805284353852997632	70	-1
805555869580660736	79	1
805341426011738112	20	1
805740532051775489	20	1
805819400968409088	79	1
805722901114736640	79	1
805713873378611200	43	1
805850579939561473	43	1
805685218149535744	30	-1
805822820806631424	25	1
806063167977574400	20	1
806208447272390657	61	1
806252756860342272	79	1
806284215671287810	79	1
806252760828116996	79	1
806048594620977152	43	1
806075743155273728	25	1
806497120031309824	69	-1
806534831333056512	74	-1
806340005274718209	75	-1
806528986104864775	61	1
806606626937589761	43	1
806793538218246144	52	1
806766458160091138	30	1
806864504340549632	79	1
806943808948727808	43	1
807351650251702272	25	-1
807238657291784193	24	-1
807303189645185024	79	1
807296865024741382	15	1
807126338079485952	74	-1
807179468628488196	61	-1
807282613639671810	69	-1
807340552471670785	75	-1
808234518108864513	61	1
807277391123009536	24	1
808358844002959360	30	1
808163260621082624	9	-1
808281037138755584	43	1
808374636207448064	25	-1
808392472640585728	79	-1
808775325769465856	15	1
808774772272177152	25	1
808760861024284672	79	1
808776139237982208	43	1
808778556624883712	25	1
808804265686929408	79	1
808668195053772800	69	-1
808771608613715969	15	1
808781114278084608	79	1
808801142574641152	34	1
808468499505049600	43	1
808794797368610817	61	1
808736348500856835	7	-1
808796175478456320	43	1
808480581696753664	79	-1
808506764123467780	25	-1
808483682231140352	61	-1
808514283000754176	75	-1
809047552163270656	69	-1
809098073137934336	61	1
809006702586691584	79	1
809054488401235968	43	1
809085351952285696	69	-1
809026586422951936	43	1
809127132769243138	79	1
809008925790142464	43	1
809026575257731072	43	1
808827668863000576	79	1
809025502124142592	79	1
809006698425946113	79	1
809025486328315904	79	1
809143280059486208	61	1
809087615609827329	61	1
809101978202566658	14	1
809163587696476160	25	-1
808937093892190209	25	1
809363048972648448	15	1
809311948391202816	79	1
809348458742157313	30	1
809519932912242689	14	1
809363025128026112	15	1
809480747878936576	43	1
809519928420274180	20	1
809393874716106752	14	-1
809495620549562369	79	-1
809270612434845696	43	1
809292442268798976	15	1
809490491569909760	14	1
809284382158503936	25	1
809329683598700545	25	1
809601676126482432	43	1
809601674692136960	43	1
809577808993263616	20	1
809744922748162048	25	1
809570806841954305	74	-1
809601679297548288	43	1
809573784340426752	0	1
809867005461463040	69	-1
809854975388086272	69	-1
809759757330419712	65	1
809675132251865088	30	-1
809142190144372736	34	-1
809810670036328448	79	-1
809988071315869696	15	1
810009159970107392	25	-1
809945208544694272	65	-1
810181290624323584	20	-1
810495318102052865	79	1
810342924013674496	7	-1
810413494361292800	15	1
810495310355107840	79	1
810422973588979712	79	1
810422981671448576	79	1
809670035438469120	30	-1
810672261598474241	79	1
810943221803139072	43	1
809875777407819776	34	1
811134620213411841	43	1
811167147237998593	15	1
811135190453993473	20	1
811013605428723712	43	1
811360565457080320	25	-1
811707887118667777	47	-1
811636127471910913	25	1
811983546344738817	61	-1
811852807934476288	43	1
811873948820389888	25	1
811983415847174145	25	-1
812057510148534273	43	-1
812092124485316608	74	1
812138577119375360	79	1
813852918067634176	79	1
813840997587308544	79	1
814532744596307968	79	-1
814533568785420289	43	-1
811300606484893699	61	1
814891429445169154	69	-1
814860359173599232	71	1
814771309896929280	43	-1
814950693639430144	75	-1
815626173317160960	0	1
815675469366525952	75	-1
811633916872376320	61	1
815998714741485569	79	1
815972498554523648	20	1
815881847590633472	20	1
815857862526242816	52	1
815819514684252161	70	-1
815820547091206144	70	-1
816094360722874368	43	1
816271092964851712	15	-1
816304731329011712	70	-1
816702065019912193	71	1
816624918641176576	69	-1
816758996359069715	70	-1
816784437245579264	15	-1
817125081830793216	79	1
816829105610063872	26	-1
817083078711672832	43	-1
816853088304762881	61	-1
816965336767614976	61	-1
817124988121661441	75	-1
817387691415367680	15	1
817437131782189057	69	-1
817314380236914688	74	-1
817187215835074561	74	-1
817701648961245184	79	1
817704161982685184	43	1
817743784796626944	70	-1
817573993439961088	75	-1
818037963711979520	30	1
817931866745565190	43	-1
818260613231243264	74	-1
818537605708980224	20	1
818509348330762240	69	-1
818555033012830210	74	-1
818543529068789764	69	-1
818804825798443009	69	-1
818919961989181440	15	-1
819280117230870529	43	1
819102485063368704	15	1
819226887335460864	14	1
819067238640656386	15	1
819102426523439105	15	1
819277878126923776	79	1
819033740315918336	79	1
819113910443921408	43	1
819092511692038145	43	1
819102490473930752	15	1
819102498761965568	15	1
819148691697270784	75	-1
819232883151933441	69	-1
819090154547793920	30	-1
819596276308332544	43	1
819384330254512128	79	1
819519180890406912	69	-1
819562715047952385	79	-1
819344525651021825	7	-1
819597710126780416	20	1
811134628153139200	43	1
819669056110243840	25	-1
819500357155954688	43	-1
819682122873114626	65	-1
819990026897465344	43	1
819847500416876544	79	1
811168677936689152	43	1
819955291991273476	69	-1
819989683274911745	79	-1
819920659220492288	74	1
819964697755656198	63	1
819723781253890048	12	-1
820023996964077568	30	-1
819948327093628928	30	1
820375815414304768	57	-1
820726308602777602	17	-1
820572666327351296	43	-1
820722638335209472	73	-1
821029515216330752	14	-1
821101359961346048	63	1
821117405128757249	61	1
821084789189050368	61	1
821004405390667778	43	-1
820785859016486912	75	-1
821049764485730306	43	-1
821488225051090945	29	-1
821352650612453376	25	1
821275034492739584	43	1
821173962981851136	20	1
821197884246740997	25	1
821510183386042368	15	1
821718935192141824	7	-1
821777729859284993	79	-1
821734159676768261	17	1
821711828598149120	61	-1
822064206031810560	43	1
822056478223855620	52	1
822058535445995520	24	1
822220435777581056	15	-1
822209265851109376	79	1
822209257093365762	79	1
822210240053673984	43	1
822118086463680516	59	-1
821872831545876482	43	-1
822177910320668672	34	-1
822521223154376709	15	1
822497600133824513	69	-1
822284339048304640	43	1
822283280191983616	79	1
822521238937538563	15	1
822511161233068032	22	1
822269946512084993	25	1
822426882679439360	75	-1
822567963001782274	79	1
822738006083780608	24	-1
822597852941717504	75	-1
823198799011184640	61	-1
823209890189455361	25	-1
823674020591792128	61	1
823561751153278976	43	1
823549628515659776	25	1
823545006971559936	79	-1
823641189824032768	69	-1
801033085651419136	61	1
801141242058805248	43	1
801048722364764164	20	1
801501402631700483	79	1
801517966114357256	15	1
801502447437053952	79	1
801501174369288193	61	1
801535071316537344	79	-1
801539307068674049	69	-1
801472281692295170	2	-1
801502449332867076	79	1
801532223807700992	69	-1
801859219934838784	69	-1
801760422340739072	69	-1
801688843938308097	30	-1
801698438614228992	70	-1
801863529020133376	43	1
801629525851467777	79	1
801731450307563520	43	1
801699927164325889	73	1
802185355906650112	222	1
802105150424944640	43	-1
802134393288589312	52	-1
802041965705625600	30	-1
802640628345499648	75	-1
802489605383720961	75	-1
802190633175810048	30	1
802804819924815873	43	-1
802041965705625600	30	-1
802804831958298624	43	-1
803095445505347584	43	1
803162976991612929	14	-1
803177219833167872	43	1
803041537277984769	61	1
803201297562423297	79	1
803664335792902144	22	1
803404209731289089	79	1
803744893659205632	61	-1
803430771490955265	71	1
803689652259409920	0	1
803663594587975680	25	1
803407107273981952	43	1
804053438199955456	43	1
804075056317931521	25	1
803833269477326850	79	1
804016733967237120	79	-1
803803231231111168	75	-1
803797709102706688	43	1
803797701242580992	43	1
804099586763751425	43	1
804277969837559808	79	-1
804280015982575616	43	-1
804377184471281664	43	-1
804280446049599488	0	-1
804248704135745536	25	-1
804419937884377089	79	1
804161414109741057	79	1
804809514260295682	15	1
804650113037725696	43	-1
804821760382210049	15	1
804821724470583297	15	1
804622960367665152	61	-1
804705564190248960	43	1
804823217227649024	70	-1
804723897304305668	15	1
804706463679651840	43	1
804703347802574848	61	1
804859018015453184	0	1
805346699824676864	20	1
805448729364865024	0	1
805537307277266948	43	1
805535932925542400	25	1
805555819882237952	0	1
805714722188382208	61	1
805840679775649792	61	1
805885090379268096	69	-1
805698477795708928	43	-1
806090208919908352	70	-1
806081958560272384	75	-1
806185754560987136	79	1
806556266705354752	43	1
806471074758193152	65	1
806469586761777152	75	-1
806530688258363392	79	1
806993032583081985	25	1
806681285817143297	7	1
806940182326820864	25	1
806951429399310336	79	1
806964647798734848	15	1
807002523265445888	70	-1
806974602673082368	79	1
807064731756404737	75	-1
807317670911557632	25	1
807015681682120709	25	1
807680362784571392	0	1
807702936029659136	75	-1
807632022260903936	43	-1
808390511279165442	69	-1
808242512938733569	25	1
808775370573025280	79	1
808768906294857732	43	1
808810094863515648	43	1
808464823713484800	43	1
808818897503875073	79	1
808780930269712384	61	1
808812259870806016	55	-1
808570533377871872	74	-1
808762284755578881	43	1
808770365119926272	15	1
808752122573398016	25	1
808788541023154176	79	1
808793480407478272	79	1
808778869834706945	43	1
808827888636219393	43	1
809097094065717248	79	1
809026583650504704	43	1
809087888587685888	79	1
808923388169355264	43	1
809025498412175361	79	1
809066839271731200	15	1
809101981050540032	14	1
808827658771365888	79	1
809026540029833216	43	1
809103187131056128	25	1
809470355844853760	79	1
809396073953431552	69	-1
809355525674725376	15	1
809421783820541952	61	-1
809451237330616321	22	1
809457864976826368	79	-1
809402043123306497	69	-1
809519235382841344	43	1
809514875072507904	75	-1
809469350528720896	25	-1
809423785384353793	61	-1
809720558820753408	74	-1
809796936089927680	30	1
809571393159499776	7	-1
809754734127153154	45	-1
809785319939854336	61	-1
809875343679090689	61	-1
809959730475126784	79	1
810058564832284672	43	-1
809959747889852416	79	1
809961596340629509	43	1
810152608375549952	25	1
810413491626672128	15	1
810422978752217088	79	1
810423483901546496	43	1
810423479304654849	43	1
810778439137509376	6	-1
810943217717903360	43	-1
810903799632039936	25	1
810832035195551744	22	-1
811128045901844480	43	1
811169628005289985	15	1
811320449300729856	30	-1
811153263492026368	69	-1
811630148047011842	43	1
811709514928033792	43	1
811108407860199424	30	-1
811459263650525185	70	-1
811875534313504768	61	1
811952996888281089	57	-1
811988101308542976	29	-1
812066463863312384	25	1
812058914334179328	25	1
812217982214701056	79	1
813820077489475584	79	-1
813841702637236224	43	1
813787246591692800	61	-1
813898342975545344	16	-1
814140252310867972	69	-1
813921781283225601	74	-1
813900523636133888	75	-1
811305473412567040	43	1
811304899736666112	79	1
814574105018171393	15	1
801503642826248192	43	1
815950784848334849	69	-1
815750765948141568	70	-1
816076184106782720	15	1
816200310221918208	66	1
816208492713349120	52	-1
816763821574524928	69	-1
817005512805871616	20	1
817087046430752768	25	-1
817046306589962240	74	1
817102146135085057	25	1
817281843552813061	79	1
817441747567513601	79	1
817980223174086657	61	-1
818298769250930690	75	-1
818882565687885828	43	1
818951833326522368	25	1
818905126333218816	43	1
818963011717267457	43	1
818968488144498689	61	-1
818787826368180226	6	-1
818823619300229124	79	-1
819265791765921792	79	1
819113010581147648	79	1
819283655076024321	15	1
819257601770668033	25	1
819190091369369602	30	-1
819175299468251136	20	1
819170152121929728	14	1
819170154835652610	14	1
819050046050148353	79	1
819214086521163776	61	1
819151747608379392	43	1
819326569730732033	43	-1
819034725738283008	43	1
819170148682592256	14	-1
819280127926403072	43	1
819025114985537536	71	1
819229238687649793	61	1
819228700898197506	79	1
819277879376773120	79	1
819265531689730052	79	1
819091768759189506	79	1
819218676079534080	79	-1
819489717834149888	69	-1
819525557394305024	74	-1
819633770747858945	69	-1
819356766022549506	43	1
819561854766694402	14	-1
819569771029164032	43	-1
819938698146054144	43	1
820031401881993217	79	-1
819701864308637697	57	-1
801502447437053952	79	1
819972205157171200	79	-1
819932457164296192	69	-1
819939697845764097	24	-1
820025423220326403	61	-1
819884229894934528	25	1
819978598002003969	25	1
819944769266786304	24	1
820253457080811520	22	-1
820161071000539137	43	-1
820292191285288960	61	-1
820223772766650369	79	-1
820591205742477312	79	-1
820714703160832002	26	-1
820996800253464579	43	1
821063531290357761	79	1
820988115380826112	61	1
821098723123994624	20	1
821089939739803649	43	1
820785407923101696	20	1
821011008214929410	61	-1
821087149600735232	79	1
821117458274775040	79	1
821016602732883970	44	-1
821503646659584000	25	1
821416797098442752	59	-1
821367705492226051	16	-1
821346697406201857	43	-1
821146287043002370	20	1
821301431449907200	43	1
821500225403711488	43	-1
821511191541399554	20	1
821772326878453760	44	-1
821739724545163264	69	-1
821796054593142784	69	-1
821568898982150144	79	-1
821704191500570624	43	-1
822025610587439104	79	1
822025635711291392	79	1
822086749325291520	43	1
821941136742813696	15	1
821967959513890816	25	1
822093046904975361	43	1
822122727452516353	25	1
822025607705952257	79	1
822130145729323012	79	1
822209274432647168	79	1
822001574482427904	15	1
821989724701294592	61	-1
822108618485075968	74	-1
822408885512400896	69	1
822502133396340738	43	1
822521451563646977	79	1
822541618003738628	79	1
822252095776706564	79	1
822516493745168384	30	-1
822396923961282560	44	-1
823028281469452288	74	-1
823214697981747201	79	-1
823231198973534208	79	-1
823351250683101184	43	1
823500142233944068	61	1
823648002514501632	75	-1
823667000769712128	40	-1
831627268447465472	222	1
