801092272511217664	79	1
801185857315176448	61	1
801092912641515521	25	1
801126188622184449	79	1
801111404501733384	79	1
801093593175760896	43	1
801185301557350400	43	1
801080054495199233	55	-1
801093594769715200	61	1
801091008754753537	43	1
801126191390457860	79	1
801126280431210496	43	1
801088890736168960	61	1
801124934655229952	61	1
801093598687150082	43	1
801093927583391744	14	1
801071549436534784	34	-1
801575320096641024	0	1
801459071891083264	25	-1
801501418351980544	79	-1
801450368051855360	61	1
801485495205117953	25	1
801489266169679873	25	1
801496817015754752	25	-1
801446121272999936	57	-1
801458310411153408	43	1
801448559237328900	79	1
801486560856305665	79	1
801532972260294656	79	-1
801487317722611712	43	1
801503636832583683	43	1
801696658958544896	70	-1
801924201208827908	61	-1
801691206497382400	20	1
801731452094316544	43	1
802196735053307904	40	-1
802184903303434240	14	1
802107401256206336	61	1
802185673847488512	43	1
802027324967362560	79	-1
802228568457670656	43	1
802137362335723520	73	-1
802184913902444544	14	-1
802255055449530368	0	1
802286124207112192	57	-1
802099774447042560	55	-1
802318550337748996	73	-1
802356761671897088	70	-1
802526224790659074	20	1
803012290886844416	20	1
802866577658023936	55	-1
802965482806460416	9	-1
802901152064901120	70	-1
803303749125029888	79	1
803337552069541889	15	1
803301206990852097	25	1
803312536070197250	25	1
803312534161788928	25	1
803269769583624192	9	-1
803067201448247297	79	1
803164307177558016	79	1
803361124649496576	79	1
803284662814736384	15	1
803232111058554881	20	1
803209399216979968	14	1
803161537250635776	25	1
803312532337266688	25	1
803309499465482241	63	-1
803270299508736000	43	1
803157131616813057	43	1
803384259121528832	25	-1
803309319525646337	43	1
803305703611842560	20	-1
803328616683671552	55	-1
803304364504821760	43	1
803147029987885056	43	1
803303731571937280	79	1
803286109497110528	25	1
803303741143261184	79	1
803229488871940096	25	1
803164648270872576	43	1
803222488511483904	43	-1
803289885780021248	25	-1
803087795858251776	20	1
803303746138763264	79	1
803304985391861766	25	1
803224221115551744	15	1
803209396520005632	14	1
803146775427051520	79	1
803304351687200772	43	1
803215394919981058	20	1
803209423523090433	79	1
803043347426410497	73	-1
803147035985772544	43	1
803221939456090113	25	-1
803308873595678720	79	1
803147031413854210	43	1
803308756347953152	25	1
803278557459849217	25	-1
803229487039029248	25	1
803299552757501953	22	1
803289886740447232	25	1
803360419805069312	79	-1
803277850417758208	61	-1
803282336758407168	25	-1
803304370225876993	43	1
803156567013126144	79	1
803123787268923393	25	1
803095679195287553	61	1
803150971782262786	70	-1
803274786713391104	25	1
803284679948275712	15	1
803122924202979329	15	1
803146744800432128	79	1
803308754749919232	25	-1
803312535097118720	25	-1
803286112558948352	25	-1
803293658229243904	25	-1
803309321433935872	43	1
803063387764629504	25	1
803122922785079296	15	1
803271006282391552	25	1
803309316832985089	43	1
803209920036405248	43	1
803369854568923136	37	-1
803663595355574272	25	-1
803671144154828801	25	-1
803431375894380545	43	-1
803438901599830016	43	1
803434067760914432	71	1
803515373848928256	20	1
803436442945015808	79	1
803531367086596096	20	-1
803436468622520320	79	1
803438914069524480	43	1
803689638778970112	0	1
803438911221547008	43	1
803667371420368897	25	1
803404313154506752	61	1
803663596999712768	25	1
803425780931891200	25	-1
803429180977381376	79	-1
803723991173058560	25	-1
803686679147999232	57	-1
803631688542621696	79	1
803407099334160384	43	1
803652271493873664	25	1
803436475874476033	79	1
803412499819335680	43	1
803412812542410752	79	-1
803436454751956993	79	1
803425782081077248	25	-1
803652267366719488	25	-1
803436446505926656	79	1
803407104451158016	43	1
803667372233998336	25	-1
803429179534479360	79	-1
803947087645839360	57	-1
804071790217744390	43	-1
804082608917213186	25	-1
804046252358987776	79	-1
804000546596225024	55	-1
804101714466996225	17	1
804079379907231744	43	-1
803897727574745089	79	1
804033116792881152	79	-1
804006657483280386	55	-1
803957398243250176	43	-1
803869215895814144	61	1
804083503117848580	61	1
803914996795129856	20	1
804086884477480960	14	-1
803808909785960448	43	-1
804037621316026368	17	-1
803902005462921216	43	1
804034115112681472	43	-1
803988490765606915	27	-1
803924663109906432	43	-1
803950251241521152	68	-1
803973134109970432	25	-1
803948804483543040	68	-1
804068253266038800	61	1
804033534599970816	25	-1
804083672521412608	43	-1
804374093915181056	71	1
804376632056283137	71	1
804258748336406528	55	1
804378663923937281	71	1
804321854844444672	79	1
804416300176920576	14	1
803223999706787840	61	1
804349425317511168	79	1
804264758526537728	69	-1
804358243996864517	79	-1
804324201049952256	25	1
804424288472367105	79	1
804367296269586432	61	-1
804352006538326016	43	-1
804424287255986176	79	1
804324974018396161	15	1
803226217214251012	43	1
804404788561637376	43	-1
804426267185520640	43	1
804346870445133824	25	-1
804424278456279040	79	-1
804324498426056704	20	1
804271352521732096	25	-1
804118152208642048	7	-1
804132547848503296	79	-1
804280961160646660	79	-1
804426121995436032	25	-1
804269880350560256	74	-1
804118768301514754	61	-1
804371580256194569	15	1
804418930928300033	55	-1
804394172929044484	20	-1
804426120091213825	25	1
804402338568007680	79	-1
804424544039665666	15	1
804341429996847104	15	1
804377186429992965	43	-1
804435350890446848	79	1
804280448096448513	0	-1
804424284202483712	79	1
804424291265708032	79	1
804422344412278785	25	1
804256251425083392	25	-1
804414295589134336	61	1
804426277289594880	43	1
804429895870738432	25	-1
804754696187547652	43	1
804764824865566720	79	-1
804491255560437760	15	1
804613159986282496	79	1
804794481245622275	15	-1
804713032026726400	25	-1
804528063664951296	25	-1
804528060691189760	25	-1
804613127035830272	79	1
804809991752417280	79	-1
804528061873958912	25	-1
804796056038838272	25	-1
804695399504216064	79	1
804774716745646080	79	1
804793342945005569	43	-1
804827495749054464	43	-1
804793739457818629	43	1
804754692781776896	43	1
804793736563662852	43	1
804792726998884353	61	-1
804752587144790016	79	1
804527124270972929	79	1
804709292838363138	15	-1
804775460538355716	15	1
804770898746208256	34	-1
804490202882260992	14	1
804811893181390848	34	-1
804792485541277696	79	1
804727128038248448	79	1
804764821958905856	79	-1
804768762410909696	0	-1
804762089428434944	25	-1
804754532844466176	25	-1
804859021719019520	0	-1
804841496771969024	43	1
805188122397044736	55	-1
805079172330598401	25	-1
804879226449133568	79	-1
804841502761488384	43	1
805067847269388288	25	-1
805067846409601030	25	1
804961198496251905	61	1
804811893181390848	34	-1
805071620469506048	25	-1
804849748280823809	63	-1
805073047686418432	71	-1
804959946462863360	74	-1
805270227214888961	7	-1
805382098072834048	30	-1
805488970545119233	79	-1
805351390876942337	70	-1
805490648996605953	43	-1
805388520290394112	15	1
805555873380704256	79	-1
805222868170653696	20	-1
805826597005602816	25	-1
805727345717940225	43	1
805725335429988353	79	1
805727348238807041	43	1
805586491409920000	55	-1
805718998906073088	20	1
805876669441445895	20	1
805828280460906496	71	-1
805720487192096768	43	-1
805871002001379328	20	1
805845609362157569	43	1
805865369885929472	43	1
805808888549429248	43	1
804811893181390848	34	-1
805724779223416832	43	1
805761249212530688	73	-1
805837921878097920	25	1
805825313645002752	75	-1
805713718713597952	14	1
803209918207709184	43	1
805927999862345728	61	1
805947515644346368	43	-1
806184813518524420	71	-1
806137760818069504	75	-1
806213497524719617	79	1
806048195797254144	79	-1
806105942966222852	25	1
805947397188644866	25	-1
806212964269326336	61	1
805996318099390465	15	1
806048576614830081	43	-1
805954946977759232	25	-1
805928517695197184	25	-1
806202796160778241	57	-1
806021410179215360	70	-1
805996316291690496	15	1
806213509365305345	79	-1
806187802803191814	43	1
805927997547180037	61	1
806186482977357824	55	-1
806166500516265984	43	1
806181785612746752	61	1
801126278829080581	43	1
806109775826128897	43	1
803209421107134464	79	1
806152712391950336	43	1
806213500209102848	79	1
805941136170905600	43	-1
806053094006001664	25	-1
806152717508968448	43	-1
806405230338379776	73	1
806615450247462912	70	-1
806382863826489344	61	-1
806558698382442496	43	1
806629243832717312	43	-1
806329266564726784	79	-1
806920661889417220	79	1
806920650396930048	79	1
806925085466501120	25	-1
806692059801219072	43	1
806941373941301248	15	1
806927503516438529	57	-1
806975509716434944	57	-1
806974876447809538	57	-1
806694820139835392	25	-1
806849445371478016	79	1
806666006160621568	73	-1
806682009649184768	61	-1
806909283673718785	55	-1
806999451638370307	30	-1
806937010728411136	40	-1
806906900327579649	30	1
807003667723329537	15	1
806964609538256897	15	1
806991024610390016	0	1
806925084443037696	25	-1
806928858477826048	25	1
807272609159249921	79	1
807015682466426880	25	-1
807058289183825920	43	-1
807367229260136448	55	-1
807140252041101313	25	1
807322506029834240	43	1
807014193463525376	71	-1
807019461177798656	25	1
807241788767531008	61	1
807317672295677952	25	1
807041378056306689	79	1
807043262599069696	43	1
807179084988039168	30	-1
807126949512544257	79	1
807049657163464704	25	1
807062087960842240	43	1
807062060806840320	43	1
807315710405844992	0	1
807412044420915200	25	1
807585882307960833	65	-1
807705121438187520	66	-1
807257021804380160	30	1
807449124983492609	15	-1
807704044626149376	66	1
807207488705662976	30	-1
806929408003108865	30	1
807858130042454016	79	-1
807136812359708672	30	-1
806929408003108865	30	1
807993304495362048	15	1
808062897842688006	7	1
807918106907725824	13	-1
808374637683802112	25	-1
808230909338075137	79	1
808381145897435136	79	1
808393510474784768	25	1
808382182825676800	25	-1
808266785741012992	26	-1
808303719494352896	79	-1
808367089010417664	25	-1
808323795010416641	61	-1
808381842214834177	43	1
808383981892857856	61	-1
804052971818512384	43	1
808110417549684737	61	-1
808202745895383041	61	-1
808381840717475840	43	1
808385966729629697	25	1
808371628073779200	74	-1
808321597497110528	70	-1
808375839628857345	61	-1
808292531729481728	74	-1
808245038425591808	14	-1
808726510014230528	55	-1
808521863160680450	25	-1
808505246037188608	79	-1
808718514295111684	71	-1
808716234414034945	71	-1
808630654225313792	61	1
808646564898017280	43	1
808733712829427712	40	-1
808716399833124865	61	-1
808699484733579264	30	1
808654284288118784	43	1
808468493691658240	43	-1
808802255545700352	79	1
808757490712244224	61	1
808780915954647041	37	-1
808716741786423297	71	-1
808653852123824128	79	1
808509430409166848	71	1
808659461183336448	57	-1
808694259796897793	43	-1
808702356841971713	79	-1
808760993757143042	43	1
808630892667293696	74	1
808698911921733632	30	1
808821934620311552	15	-1
808670827986255872	61	-1
808514308183199744	25	-1
808719274344910848	71	-1
808477979093372928	73	-1
808804973467160576	25	1
808506762261188608	25	-1
808646574603718658	43	1
808718008168448004	71	-1
808749099587694592	61	1
808937100930383872	25	-1
809129599842025472	55	-1
809103212380823552	43	1
808986259473518592	43	1
809126248278528000	69	-1
809040053804548097	14	1
808979882860576772	43	-1
809136984069382144	79	1
809119674034163712	43	-1
808323670989017090	30	-1
809119632237924352	79	-1
808699484733579264	30	1
809159808045592576	25	1
808964136256290816	79	1
808964849820639232	43	1
808977143015337984	79	1
809102629909516288	15	1
809165683720421376	70	-1
808929553850728448	25	1
809137245278130176	43	1
808944648370589696	25	-1
808836158801268736	55	-1
809160919880269825	79	1
809514893049139200	20	1
809495618515304448	79	-1
809434061240418304	30	-1
809495875504508928	43	-1
809337234910347264	25	-1
809473878334509056	61	1
809465683960418305	43	1
809461798743085056	25	1
809383936803667972	73	1
809383884299309061	79	1
809504620338937856	61	1
809420681767174144	71	-1
809487557528403968	55	-1
809337234079956992	25	-1
809371710441082880	24	-1
809465692663808000	43	1
809291934074212352	25	1
809428931933851648	70	-1
809465486899449856	57	-1
809488228097003521	25	-1
809477439084699648	79	-1
809444557561573376	40	-1
809433053177253889	30	-1
809465450161733632	79	1
809465679694929920	43	-1
809465688922460160	43	-1
809383541502930944	14	1
809465440636436482	79	-1
809390079651106816	25	-1
809465079838035968	0	-1
809465699043278848	43	-1
809465455815589890	79	-1
809503324458225664	25	1
809543448621711360	79	1
809504861909696512	14	1
809465439004803072	79	-1
809383535207481348	43	1
809884586444353536	25	-1
809556170973188096	25	1
809824612397752320	43	1
809639997557063683	70	-1
809771339607248897	25	1
809796594006654976	30	-1
809806981200576512	61	-1
809824188693237760	25	1
809824187950841856	25	-1
809824617112203264	43	1
809776924113387520	69	-1
809743419262308352	79	1
809888365424189440	25	-1
809824642957508608	43	-1
809812862784811009	25	1
809769354153852928	61	1
809809090998243329	25	-1
809565277507747840	73	-1
809549608762347520	55	-1
808699484733579264	30	1
809831739199668224	25	1
809831739887452160	25	-1
809824615543566336	43	1
809831741150011392	25	-1
809743421954990081	79	-1
809769425486364673	30	1
809699791563329536	43	1
809845373594374148	79	-1
809884589539762177	25	-1
809433218458021889	30	-1
809779543733129217	61	-1
810151081015738368	74	1
810261590163464192	79	-1
809146300990103553	30	-1
810127606838427648	61	-1
810144025827299333	22	1
810262507369730048	43	-1
810181032041414656	19	1
810148827801845760	25	-1
810471274040401921	44	-1
810486735360716800	43	1
810399986559004672	20	-1
810469694767394817	25	1
810384225740423168	79	-1
810460020710273024	30	-1
810384392816381952	43	-1
810692036668047360	79	1
810672258976980992	79	-1
810801881614143489	25	-1
810765017201213440	30	-1
810778369763713024	6	-1
810784066589097984	79	1
810955197241495552	69	-1
810693975350845440	43	1
810692050639323136	79	1
810808130661732352	74	-1
810769034849480704	61	-1
810693973572460544	43	1
810807042772443136	61	-1
810917539916185600	69	-1
810926451675406336	25	1
810875124610191360	22	1
810742971893239809	55	-1
811305934706405376	55	-1
811082732780552192	43	-1
811328660372328448	44	1
811125801169145861	79	1
811020138032091136	61	-1
811103273402900481	30	-1
811134076526596096	25	-1
811018631228387328	43	-1
811335254921408512	61	1
811358309534015488	15	1
811018622609059841	79	-1
810994743878569984	174	-1
811165813206089729	43	1
811020136379535361	61	-1
811035923123052544	25	-1
811335256842399744	61	-1
811358320623755264	15	1
811035924788219905	25	-1
811125799801749504	79	-1
811673872957218817	25	-1
811617486684717057	55	-1
811704397981810688	43	1
811590827717709825	25	-1
811701446479646720	79	1
811670099937542144	25	1
811651035634814976	74	-1
811701429446516737	79	1
811588680137711616	15	-1
811693801077141507	61	-1
811510622588469248	79	-1
811572553001107457	61	-1
811568191788810240	20	1
811695496821555200	30	-1
811571061431136256	79	1
811588257465176064	30	1
811372478434078720	79	1
811573512536289284	43	1
811607198145060865	9	1
811594602297769986	25	-1
811692868565946368	73	-1
811598375736881152	25	-1
811601252039749632	61	1
811590829798092802	25	1
811573733072605184	20	-1
811630154124554240	43	1
811666327089745921	25	1
811753155020980224	25	1
812055143411658752	25	-1
811859275085709316	15	1
811891374450688000	30	1
811998516167856128	25	-1
811743394796027905	43	-1
811775780992774145	55	-1
812047588278956032	25	-1
811753153179754496	25	1
811753151636213760	25	-1
811743392896061441	43	-1
811727244393447424	20	1
812047587393974272	25	-1
811743381516853249	43	1
812001286463913984	79	1
811832774244048896	79	1
811931343965650944	20	-1
811753154043727873	25	-1
812073317448515586	15	1
811783352462102528	25	-1
802185676045295616	43	-1
812002291829981185	25	1
811843744005767168	55	-1
812025651473641472	17	-1
811742875574792192	79	1
812101907774898176	73	-1
812117276203880448	2	-1
812105786134503424	79	1
812215653650284544	57	-1
812086345346654208	0	-1
812224774084694016	43	1
813828889810268160	79	-1
813814227248889856	25	1
813863636091498496	61	1
813826221570146308	15	1
813870855117631489	25	-1
813783750542704640	55	-1
813810456259272704	25	-1
813841704067497988	43	1
813810455395246080	25	1
814146843651272704	69	-1
814176620680351744	25	-1
814165292578263040	25	-1
814193710602846209	55	-1
814161516739973120	25	-1
814172841289523200	25	-1
814077038348931072	43	1
814134609009147904	43	1
814086019188301824	25	-1
814141715732897792	61	-1
814073252431720448	15	1
814134599987105792	43	1
814077026630037504	43	1
814134606236712960	43	1
814172843114000384	25	-1
814191547742875649	15	1
814161518501642240	25	-1
814065677183107072	15	1
814134607486582785	43	1
814065685705986048	15	1
814131317139013633	55	-1
814242632570376192	74	-1
814370103768793088	70	-1
814312883379208192	79	1
814412097215938560	70	-1
814540992443535361	55	-1
814312894829563904	79	1
814302205289189376	20	1
814594615391191041	61	-1
814312902777851904	79	1
814297732907028480	0	-1
814572034193817601	79	-1
814530083008512001	79	-1
814374986647502848	79	-1
814610729009487872	25	-1
814564754803093505	7	-1
804052575419006976	79	1
814338857466466304	61	-1
814338859232358400	61	-1
814314529408647169	43	1
814530954001842177	43	-1
814401111519948800	20	1
814576754727624704	25	-1
814484965564043264	79	1
814471062079426561	25	-1
814313268302876672	20	1
814863652058636288	25	-1
814858258448089088	43	1
814737443341602816	43	-1
814659799564500992	25	-1
814638569700675588	73	-1
814642715757596672	43	-1
814867422951813120	25	-1
814627938373140485	61	-1
814863651173584897	25	-1
814781204805382145	52	-1
814792913637036037	55	-1
814641498264399872	79	-1
814866185779089412	79	1
814823240799580160	15	1
814867099785056256	43	1
814941846178775041	79	-1
814819760454115328	73	-1
814784636614127616	20	-1
814818347854352384	25	1
814748674198827008	61	-1
814659798310359040	25	-1
814911314237734912	15	1
814797068648742912	79	-1
814863649810497537	25	-1
814675031645188096	7	-1
814716431942094848	20	1
814826882957017089	55	-1
815039423071080449	43	1
815037719890038785	79	1
815165266246115328	43	-1
815063441299927040	55	-1
815408290658131969	79	1
815363337445842944	73	-1
815355562598678528	20	1
815510029440786432	79	-1
815704958096080896	15	-1
815967584059277312	71	-1
816037658648571904	61	1
815969356576333824	71	-1
815969609681694725	71	-1
815970622874521601	71	-1
815895715381657600	79	1
811587557746208772	61	-1
815913177334607873	37	-1
815970369777631233	71	-1
815732056646909952	43	-1
816060374516637696	74	-1
815966548300959744	61	-1
815944767838318592	52	-1
815891902293741572	43	1
815891953095036929	14	1
815967076904996864	71	-1
815973643855560704	43	-1
815969685610975232	25	1
816028059094511616	20	1
816208791893053440	43	1
816420619696873472	65	1
816286208569602048	15	1
816094363956543490	20	1
816211287743098880	43	-1
816304910962716677	70	-1
816076245289078784	15	1
816208345870823424	61	1
816208379018440704	15	1
816130743717871616	20	1
816124863068983296	57	-1
816431036355723264	43	1
816645792299683840	43	1
816565008188526592	30	1
816732205225426944	25	-1
816660488800960512	25	-1
816638646707175424	79	-1
816702010149867520	25	-1
816456221985243136	43	-1
816631690672148480	73	-1
816479515580964864	61	1
816433998347976704	25	1
816556800510046208	20	1
816767614848536576	66	1
816564889321869312	61	1
816702007486529536	25	1
816705786277572608	25	-1
816531523948150784	15	-1
816565513946066945	30	1
816702006702153729	25	-1
816624504759873536	61	1
816564664570089472	30	1
816663897948254210	43	-1
817074091274498048	43	1
817069048466837504	14	1
817083275562795009	25	-1
817068828609937408	15	1
817086029974802432	20	-1
817087048326651904	25	-1
811589895739363329	43	-1
817090323381882880	43	1
817073993358438402	79	1
817081669886889989	79	1
816856783008436224	25	-1
817086590967304192	61	-1
817113472139833344	25	-1
817090325202305029	43	1
817121517804761092	14	-1
817023463160418304	15	1
817004845961973760	70	-1
817166318180761600	25	1
817412453499867136	61	1
817521023037952002	15	-1
817475642556092416	57	-1
817407910854569986	25	1
817407909994737664	25	1
817206926626979841	79	1
817247234886684672	70	-1
817266738643410944	20	1
817462322100891648	70	-1
817476271286325248	14	1
817246366724333569	70	-1
817404317414150144	9	-1
817373020524318722	57	-1
817458579397607424	79	1
817460154509787141	43	1
817475815810203650	61	1
817175281500819456	73	-1
817356468315975680	73	-1
817426781686771712	25	1
817213459129626624	61	-1
817569838428262401	79	-1
817474199954583553	34	1
817719116161286144	30	-1
817537667734892544	73	-1
816564664570089472	30	1
818146753019019264	55	-1
818022937940856832	55	-1
818070274222354432	20	1
818242157152608256	25	-1
818081248560238592	73	-1
818163559288991745	70	-1
818513174584496129	76	1
818510176261050369	25	-1
818452143082500096	43	1
818449875767586817	24	1
818419184044539904	74	-1
818498626297040896	55	-1
818255754222178304	20	1
818517482453471233	43	-1
818288535354699776	15	-1
818536598438494210	25	-1
818401616206450689	74	-1
818372264664203265	43	-1
818460903339425794	43	-1
818348121147273216	30	-1
818517491005714440	43	-1
818497401711456257	43	-1
818269089248342017	20	1
818561804666290177	79	-1
818603673358102528	24	1
818528797448425473	22	-1
818543951963680769	30	1
818567948784713728	0	-1
818546991537995777	79	-1
818676267465588737	25	1
818718788078157824	70	-1
818775628308746240	69	-1
818966936172146690	25	-1
818729447868235776	79	-1
818910410833154048	55	-1
818963185004748801	25	1
818842313266970629	24	-1
818815736374329345	43	-1
818814813413502976	79	-1
818729521461547008	61	-1
818719952911925252	30	1
818676268501647360	25	1
818959383245692929	25	-1
818676266442235905	25	-1
818857880065605633	61	1
818941866683023362	79	-1
818963159947976704	25	-1
818970456195743745	70	-1
818947821088821248	20	-1
818964367320477696	43	-1
818834354189254658	66	1
818855254091595777	61	-1
819258921399578624	71	1
819155473945411584	20	-1
819090322986795008	30	-1
818979281057513472	43	-1
819079946719133696	43	-1
819280124201799681	43	1
819079188800016384	61	-1
819162819635671042	15	1
819144429810450432	61	1
819202026055864321	9	1
819190486321741824	15	-1
819182955461574656	15	1
819261370948403201	25	1
819099054625804288	25	1
819261715158339585	69	-1
819258415239274497	71	1
819163980589568005	15	1
819277862087888900	79	-1
819204749668950016	25	1
819261371816689665	25	-1
819046213156622336	25	-1
819261201649639426	71	-1
819199219374419968	69	-1
819260695120400400	71	-1
819162813365096453	15	-1
819185877725233152	25	1
819259934881775616	71	-1
819284022551420928	25	1
819031264799944704	9	1
819261454788546565	71	-1
819110369318711297	20	-1
819195688902885376	43	-1
819023848964292608	71	-1
818989696919293952	20	-1
819285331971342336	79	-1
819202261012381701	43	1
819267770688950288	79	-1
819144439939694592	61	1
819329317825953792	25	-1
819209127469731844	61	1
819089543584509952	61	1
819267768671490052	79	-1
819284021771276288	25	1
819259174840320000	71	1
819201463767498758	61	1
819105480119156737	20	-1
819252778585485316	61	1
819185114735329280	61	1
819216074491056128	25	-1
819656820436467713	15	-1
819363296734085120	25	-1
819665699543060487	43	1
819606147044933632	43	1
819641480033763330	79	1
819628165911941120	79	1
819402246987321344	43	-1
819656827092815872	15	-1
819584158829871105	71	1
819399770942881792	79	-1
819657879061987332	43	-1
819397521265070081	61	1
819652586701631488	0	-1
819641475315208193	79	1
819517861978865664	43	-1
819436372327010305	70	-1
819638862410452992	25	1
814397227338780672	43	1
819365567282999301	43	-1
819653957404327936	25	-1
819363298466332673	25	-1
819463194074705922	20	-1
819579558362054658	61	-1
819657873533898753	43	-1
819657314991009792	79	-1
819641485545107457	79	1
819477319786106880	15	1
819656800949719046	15	-1
814416525960548352	79	1
819458081344065536	79	-1
819630208571604994	43	1
819593058056544256	79	-1
819350600223748096	79	-1
819638861407977472	25	1
819657877577142276	43	-1
819641471758385152	79	1
819637838513930246	15	-1
819594236840517637	55	-1
819622364115673088	20	1
819641478670589956	79	1
819638858790772736	25	1
819350598730452992	79	-1
819352495365431296	71	-1
819753458525999104	43	-1
819930983298453504	43	-1
819959082459287552	79	1
820042774544121856	25	-1
820031446077173761	25	1
819877218193174529	74	1
819751368554643460	61	-1
820038996633845760	25	1
820038992909320192	25	-1
820038270365159424	79	-1
819971050561601536	25	-1
819930001164398594	79	-1
819969815960031232	9	1
819948399948484608	25	1
820042773919199232	25	1
819971190974545920	43	1
819893182087524352	73	-1
819938925141704704	61	1
819778529923432448	25	1
819986148969697280	25	-1
820015019995893760	79	1
819930006809956352	79	-1
819982381327138816	25	1
820046546238521344	25	-1
820038277046616065	79	-1
820012864131960832	15	-1
819862013727928321	44	-1
819994197314928640	79	1
820038272772698112	79	-1
819947811122925569	30	1
819980957201657856	79	-1
819914444012666880	69	-1
819930987954061317	43	-1
819930999651991552	43	-1
805807018359586817	79	1
819974179327852544	20	1
819733235798159361	25	-1
820341936854802434	30	1
820209183723319296	61	-1
820377828537593859	15	-1
820211540397883393	43	-1
820308138683494402	61	-1
820255571718897666	73	-1
820207938782580736	61	-1
820064326342115329	71	1
820095621759516672	25	1
820211534727102465	43	-1
820216417047875584	25	-1
820362490458607618	43	-1
820233769172881408	20	1
820221437403201536	20	-1
820061647687458816	25	1
820468341437566978	79	-1
820778871431700481	25	-1
820432861924904960	43	-1
820768573106884608	79	-1
820453104176898048	20	1
820627876387045376	25	-1
820466807794348032	20	1
820778344828506119	55	-1
820469356496908288	43	-1
820431571928907776	79	-1
820630620762230784	55	-1
820632635038990340	55	-1
820571576517197824	79	-1
820617954052206594	73	-1
820782652722581504	25	-1
820814465352380416	20	-1
821065513375703040	0	-1
821041361466048513	43	-1
821053431095824391	20	-1
821076149954605056	43	-1
820819124355899392	20	1
821068682713513985	43	-1
821133686754148352	55	-1
820835877450612737	79	1
821046806301839360	79	-1
821040798712078336	61	-1
821045749093986304	79	-1
821068669556027393	43	-1
821073316815376384	14	-1
821068684584165380	43	-1
821065514982092800	0	-1
821066306774585346	79	-1
821058213218947072	25	1
821061986288996354	25	1
821315656641548288	30	1
821469673157849088	25	-1
821324518732001281	79	-1
821453711134359552	61	-1
821392347762073600	55	-1
821212982390575104	25	-1
821340908931186688	79	-1
821197883160424448	25	-1
821190334608617473	25	-1
821297663022891009	43	-1
821197886134226945	25	-1
821189339380150273	71	1
821368185823854592	74	-1
821296841346125826	79	-1
821273668126916608	15	1
821471376821325825	79	-1
821297155813969920	20	-1
821431289093980160	43	-1
821171717003419648	61	-1
821495129261350912	43	-1
821171844850008064	43	-1
821346674169806850	43	-1
821171723538153473	61	-1
821359266665791489	43	-1
821462871770968064	14	-1
821462781811638273	43	-1
821258616208494592	43	-1
821359748138369024	57	-1
821228081331335168	25	-1
821171709051097088	61	-1
821324522100027392	79	-1
821316453215457280	30	1
821465900654022656	25	1
821182783707975680	25	1
821171383845666816	79	-1
821316236403470336	30	1
821358603961569281	30	1
821394177376198656	25	-1
821171724800692224	61	-1
821795538525978624	79	1
821775439597187072	25	-1
821527406032850944	79	1
806182801603235840	43	1
821841933194711040	79	-1
821795330748514305	5	-1
821843991033417729	43	-1
821773494270787586	43	-1
821833135524638720	79	-1
821316236403470336	30	1
821800854701441029	57	-1
821771663100387328	25	-1
821805640611811328	25	-1
821683860098400257	43	-1
821831723289755648	0	-1
821558050171580416	79	-1
821796245626880001	43	-1
821665047407718405	15	-1
821823809326026752	43	1
821840050090479616	0	-1
821850755015569412	79	-1
821611027280314368	74	-1
821680909514670081	79	-1
821800030566748165	43	-1
821795530292547584	79	-1
821801863674634240	25	1
821811890460495872	79	-1
821759643810664448	43	-1
821799443548819463	79	-1
821857773910560768	20	1
821680908247924736	79	-1
821833841132322817	43	-1
821800027865698316	43	-1
821848057285197824	0	-1
821795512370204672	79	-1
821800022211776512	43	-1
821805639651295232	25	1
821833842470383616	43	-1
821779213300559872	25	1
821793320234090496	61	-1
821967960260546560	25	1
822025861452939265	30	-1
822009890721894400	79	-1
821995664641028096	79	-1
821995659335204864	79	-1
822037670444625922	43	-1
821900010509910016	25	-1
821907558323453953	25	-1
821990867703566337	61	-1
821884689552146432	61	-1
821966221356728321	15	1
821879634623135744	61	-1
821901837980803072	43	-1
821901823598542852	43	-1
821996172910923776	43	-1
822209549725642753	25	-1
821893981495758850	61	-1
821872076936114176	79	-1
821996177646387200	43	-1
821966226096291844	15	1
822166743611215873	76	-1
822081885153198080	79	1
821894000705671168	61	-1
822037675586764800	43	-1
822204643270914049	79	-1
821893988366118912	61	-1
822206380455116802	43	-1
821897775084433409	79	-1
821922660703535104	25	-1
822086875871514624	20	1
822081847593201665	79	1
822111952189198336	66	-1
822149154969268224	25	-1
821893992396820480	61	1
822147686853799936	20	1
822209550635806721	25	1
822082000844652544	43	1
822149155887849472	25	-1
822081893856329728	79	1
821893976055808000	61	1
822156169754058752	30	-1
822226519867146240	26	-1
821995663319826434	79	-1
822043187732774912	79	-1
821966240046583808	15	1
821990864474034177	61	-1
821897798006296576	79	-1
822036408483401730	79	-1
822206384095821824	43	-1
821901846633648129	43	-1
822037681286811649	43	-1
822123503713394688	15	1
822199871675518977	61	-1
822081971836882944	43	1
821897768625115137	79	-1
821967957651636224	25	-1
822088754303074305	25	-1
821962795650547713	61	-1
822085976562552839	61	1
821966252885372928	15	1
821995643015151618	79	-1
822037674211082240	43	-1
821897784471252992	79	-1
821990866109759489	61	-1
822088753602641920	25	1
821886007805116417	71	1
822081859484078083	79	1
821996174639058944	43	-1
822199991523426304	20	-1
822204641849016320	79	-1
822229223511392256	15	-1
821940279535992832	20	1
821996407452274689	15	1
821907559124602882	25	-1
822145376618573824	25	1
822152935589040128	20	-1
821890180084862978	79	-1
821897801361747968	79	-1
821995656940285952	79	-1
821448307390169088	34	-1
822081837090697216	79	1
822037685636362240	43	-1
822173789249212416	55	-1
822081829373145089	79	1
822209548802850816	25	-1
821993877166903296	20	-1
821995647297581056	79	-1
822187774577086472	15	-1
822036404872024065	79	-1
822116307491397632	20	-1
822206378655830019	43	-1
821993136746590209	61	-1
822206375057125376	43	-1
822149788191879168	43	1
821893985576910848	61	-1
821880169971318785	79	-1
822037687012102144	43	-1
821901850286944256	43	-1
821993123102527489	61	-1
822205778350075904	25	-1
822522863877902336	25	-1
822277499929305088	25	-1
822425290227978241	43	1
822446762451316736	20	1
822283326128029697	79	-1
822378423867699201	20	-1
822416467123642368	43	1
822551090587635714	43	-1
822269947615309826	25	-1
822404614020435968	14	1
822446781262761985	0	-1
822461784057487360	14	-1
822399872112480256	43	1
822520403016949760	79	-1
822553062753652736	25	1
822283292665847808	79	1
822365416819306496	79	1
822446776200269824	0	-1
822530412308295685	25	1
822435300735586304	43	-1
822522863877902336	25	-1
822284347227209728	43	1
822537898813779970	79	-1
822341665931169792	14	1
822521225884958721	15	1
822343510531702785	43	1
822461715954761731	43	-1
822284361714307072	43	1
822522863877902336	25	-1
822461718324449280	43	-1
822349221357568000	61	-1
822526636956360704	25	1
822484719388553217	15	-1
822461329869066241	79	-1
822350503657033728	61	-1
822283314686001152	79	1
822269949381001217	25	1
822504818325553152	79	-1
822526635337359360	25	-1
822550412175769600	79	-1
822359356620623872	79	-1
822399018965880832	43	1
822436533974274048	43	1
822390743805267969	25	-1
822461732148957184	43	-1
822428498719490048	25	1
822446787172573184	0	-1
822342669116522496	79	1
822446783733170178	0	-1
822827256347262976	79	-1
814420264888975360	43	1
822864161914884096	43	-1
822829011743211521	61	-1
822762686014308352	20	1
822611596879007747	43	1
822827260126363648	79	-1
822827249934155777	79	-1
822829025131372544	43	-1
822827262449975296	79	-1
822836184816631808	25	-1
822839953159700481	25	-1
822827264387743745	79	-1
822832407569043456	25	-1
822843727257354240	25	-1
822832408449851392	25	-1
822792292268380160	73	-1
822829019582332928	61	-1
823130260803698689	20	1
823271853691117568	43	-1
823154669925056512	73	-1
823197916986806276	70	-1
823271828059725826	79	-1
822997431809953792	61	-1
823271829750083584	79	-1
823271881952399360	43	-1
823271862096498697	43	-1
823260198290722817	55	1
823271858313302016	43	-1
823650791764279296	14	1
823492657724932096	15	-1
823628903042273280	25	1
823616827750289408	61	-1
823624666828914689	15	1
823612163784839169	15	-1
823628460270780418	15	1
823523047290339328	79	-1
823610027541790720	25	-1
823638771627360256	79	1
823583604458418177	25	-1
823565896971091972	79	1
823579825013035008	25	-1
823642224349024259	15	1
823492600011390976	15	1
823553545215447040	14	-1
823639367214395392	43	1
823579424385855488	71	1
823635188508786688	14	1
823614560284315648	43	1
823470736182480896	43	-1
803209920036405248	43	1
823490766819434496	43	1
823625126046371840	25	-1
823675056677158912	15	-1
823614550427705346	43	1
823568503697338369	25	-1
823498353476562944	43	-1
823578412136677377	71	-1
823526213301870596	20	-1
823983742389600256	25	1
823733476180508672	79	-1
823981106475188226	43	-1
823799499449651200	55	-1
823953371971354624	79	1
823972414363078656	25	1
823953094715338752	43	1
823876613544824833	15	1
823969043967250432	61	-1
823979965129498624	25	1
823734922049363968	43	-1
824017711487324160	25	-1
823976188250984448	25	-1
823804536531910656	55	-1
823942212475944962	55	-1
823972417735245825	25	-1
823711955001098240	25	-1
823981649419468800	79	1
823972412827893760	25	1
823973447667687424	43	1
823857923717820416	63	-1
823861357154103296	63	-1
823972413616422912	25	1
823972791351410688	79	1
823959676433920004	15	-1
823706375993835524	71	1
823881644604006400	79	1
824390032937127936	43	1
824376451847880704	7	-1
824270636394553351	25	1
824051491233267712	43	1
824081886683070464	25	-1
823623474950393856	43	1
824285215505969152	43	-1
824047911881150465	25	1
824319706743980032	25	-1
824286816559710208	14	1
824050673373380610	79	1
824323898124697600	79	1
824051482538504192	43	1
823808627563757568	30	-1
824319707553464320	25	-1
824051484337782784	43	1
824161193027928064	61	-1
824361105011130369	43	-1
824309770320547841	61	-1
824323476219568128	25	-1
824050675982204930	79	1
824292666502508545	79	-1
824369308440600576	57	-1
824050674832908289	79	1
824050671880208384	79	1
824261311114735616	43	1
824335873437208577	43	-1
824225586029719552	61	1
824697545263833088	79	-1
824553983284883459	20	-1
824749907638702082	43	-1
824579665323032576	74	-1
824650280545488896	79	-1
824576171954343937	43	-1
824640456726351872	74	-1
824697520051945478	79	1
824713282984439808	20	1
824712385785167873	9	-1
824691996254236672	15	-1
824406527578476544	25	-1
824636793618255873	25	-1
824442802822115333	43	1
824513327904817152	43	-1
824700963919269888	25	-1
824513750401159168	61	-1
823953449582821376	43	1
824473584420749313	79	1
824708523552604165	25	-1
824716067717074944	25	-1
824692771990560768	20	1
824583325864058881	70	-1
824611901653078016	61	-1
823643010776887297	43	1
824507086377811968	30	1
824697194942902272	25	1
824742288114855936	0	1
825063356847443968	25	1
824852996227870720	43	-1
824911873128677376	43	1
824853011381968896	43	-1
824867065894809602	25	-1
824890707437445121	30	1
824941424357556224	70	-1
824851485720604672	79	-1
824966361453621249	43	-1
825067130127200257	25	1
825110160087486464	20	1
824906336047542272	14	1
824905860371533824	79	1
824810414361935872	55	-1
825120705511616515	55	-1
801202377147576321	25	-1
801489266920390656	25	-1
801475738717265920	7	-1
801528115398897664	15	1
801667122644520960	70	-1
803303737683038208	79	1
803328406905561088	61	1
803271008555675648	25	-1
803303743181770752	79	1
803664398623657989	43	1
803663596248961024	25	-1
803693793287376896	25	-1
803664395775647744	43	1
803781656758743040	12	-1
803937412569178113	20	-1
804025983313416193	25	-1
803806533402370049	79	-1
803754190417711104	25	-1
804250766001192961	15	-1
804377047325782016	25	-1
804424281048412160	79	1
804374347657973760	71	1
804767248300867584	43	1
804512939336028160	25	1
804750757006229505	25	-1
806932634668560384	25	1
806921127788478464	43	1
806998616963477504	30	-1
806933745605476352	79	-1
807281763697524736	79	1
807043260686417920	43	1
807169524814454784	70	-1
807019460351508480	25	-1
807317674975895552	25	-1
808206076638334976	79	-1
808358690092883969	30	-1
808102690727280641	15	-1
808325567955075072	25	-1
808726889296695296	55	-1
808515488422789121	61	-1
809136982341414913	79	1
808929547953520641	25	1
808846504551071744	25	-1
809490893522800644	79	1
809507114695741440	43	1
809465468041957376	79	1
809433649061904384	30	-1
809472240853118976	69	-1
809476900313673728	25	-1
809718560465489920	43	1
809559947360862208	25	-1
809602043728039937	61	-1
810995741623799808	44	-1
810971750703869952	25	-1
811047724170809344	57	-1
811704383390056448	43	1
811666325680443392	25	1
811670102105952256	25	1
811590827025674240	25	1
812002293914554368	25	-1
811980057451196417	40	-1
813840652324585472	25	-1
813870852202643456	25	-1
813947418513383424	61	-1
814576755474243584	25	-1
814934902399451136	43	-1
816411428408139776	70	-1
816631120393539584	70	-1
816676835580751872	14	-1
817113471347146752	25	-1
817458556375015424	79	1
817174677122596865	79	1
816564664570089472	30	1
817282825481256960	43	1
817464533203623936	25	-1
817204050160652288	57	-1
817901682726150144	43	1
818459962112360448	79	1
818535946786369536	61	1
818291234842165248	25	1
818592873390206976	61	1
818829922588311552	24	1
819198567323762688	22	1
819277865946673152	79	1
819259428302180356	71	1
818529847303696384	30	-1
819038654936981504	25	-1
819545051697205248	61	-1
819090154547793920	30	-1
819408359958921218	74	-1
819854028452438016	25	1
819912234751107072	61	1
819792771988922369	30	1
819706808428154880	25	1
819974825372332033	25	1
819090154547793920	30	1
820706342897860608	22	1
821311410965778434	9	-1
821205438435704833	25	1
821840716934639621	79	-1
821527952722690050	43	-1
822024173597978624	30	-1
822112564729511938	79	-1
821989193391996929	57	-1
822025735539933185	30	-1
822092528899866624	25	-1
822427868651225088	70	-1
822662541088358404	25	-1
823286946868903936	7	1
801485499793690624	25	1
801462842813624320	25	-1
802399011093131264	25	-1
802920429442781184	55	-1
803384261810143232	25	-1
803304361514455040	43	1
803435081935310849	71	1
803663759797587968	79	1
803431374451511296	43	-1
803434575028428801	71	1
803436855983304704	71	1
803788165630685184	25	-1
804037312908652544	25	-1
804059698722902016	15	1
804426275498655745	43	1
804375108378836992	71	1
804138787643260928	61	1
804379424711970817	71	1
804426273770663938	43	1
804528062939295744	25	-1
804700554333220869	69	-1
805071778989166592	71	1
805401164359630849	70	-1
805822821569961984	25	1
805828275230609408	79	-1
805837921056002049	25	-1
806197932441686022	43	-1
807169663125901312	70	-1
807576538455638016	43	-1
808144372076154880	25	-1
808323670989017090	30	-1
808718156046876673	25	-1
808843240669642752	71	1
809137165594595328	25	-1
809337232842584065	25	-1
809337234910347264	25	-1
809346793452412928	20	-1
809904129669795840	44	-1
809433218458021889	30	-1
810032873369649153	74	-1
810551535507742720	61	-1
810968116826144773	61	-1
811182766549245952	222	-1
811706947997147136	43	-1
812047590271238144	25	-1
814173728967954432	43	1
814213564525330432	69	-1
814078697120694272	61	1
814172839691436032	25	1
814161519218786304	25	-1
814265565464432640	61	-1
814572977446494208	25	-1
814576753955860480	25	-1
814797801758617600	43	-1
816083278449045504	70	-1
816564896548716544	30	1
816663965195497472	61	1
816702008249856000	25	-1
817090352578494464	43	1
817094599877349376	25	-1
817124795384885248	25	1
816998352671936512	57	-1
817139993449791489	7	-1
817574545494278144	43	-1
818460905243639809	43	1
818395008025894912	66	-1
818347253802893316	30	-1
818579119311036416	69	-1
818513948550959104	25	-1
819280112893968386	43	1
819276471910862848	25	-1
819023553538367488	25	-1
819280250764804096	25	1
819397005277626372	74	-1
819536049626091520	70	-1
819458817742307328	43	-1
819618789021065218	61	-1
819600821230927872	67	-1
819616494833246209	61	-1
819884226753347586	25	-1
820521492324683776	9	-1
820997848519077888	6	1
821058214141640704	25	-1
821065758297845760	25	-1
821073731149856768	43	-1
821073312218431489	25	-1
821486787386372096	70	-1
821370073050910721	69	-1
821182784441978880	25	-1
821771664048300032	25	-1
822148929236176897	79	1
822482804315394049	22	1
822878798630809600	79	-1
821316236403470336	30	1
823587382456774663	25	-1
823604350220193792	61	1
823522038308630531	69	-1
801206158363009024	25	-1
801459066748841984	25	-1
801487333925285888	43	1
801518027196006408	61	1
803303739306213376	79	1
803274784733741056	25	-1
803308752342396928	25	1
803280179581829120	57	-1
803154114699993088	7	-1
803289884769198081	25	-1
803303750739824641	79	1
803720747013132289	54	-1
803429182512525312	79	-1
804022719549493248	43	1
803937589602480129	74	-1
803949852006686720	68	-1
804051763322036224	43	-1
804061828691230721	43	-1
804099591889186816	43	-1
803763624674107392	61	-1
804098533578145796	79	-1
803952286041014275	68	-1
804426271736430592	43	1
804212661479243780	70	-1
804343073798897666	25	-1
804369500455849984	25	-1
804369501286342656	25	1
804512941085077504	25	-1
804796332439310336	14	-1
804511181889277953	61	1
805483610547638272	61	-1
805698481969123328	43	1
805822820806631424	25	1
805928515866460160	25	1
806329992032452609	43	-1
806935013052841984	43	-1
807297793735921664	69	-1
807136812359708672	30	-1
808212319637356544	25	-1
808374636207448064	25	-1
808503969337249796	55	-1
808323670989017090	30	-1
808506764123467780	25	-1
809163587696476160	25	-1
808937093892190209	25	1
809465701308186626	43	1
809431600442187776	25	-1
809431602736427008	25	-1
809488228810035200	25	-1
809284382158503936	25	1
809329683598700545	25	1
809715515891519488	61	-1
809673709338431489	61	-1
809888362643365888	25	-1
810009159970107392	25	-1
810928771591180288	79	-1
811138049400770560	6	-1
811704385399037953	43	1
811606352049111040	43	-1
811543733707608064	57	-1
812027682057814017	65	-1
813814228163276801	25	-1
814172840521961473	25	-1
814368283323404288	70	-1
815985420030898177	69	-1
815969683111190528	25	-1
815958355902504961	25	-1
815972750384885765	79	-1
816699267389804545	44	1
816666099081183232	43	1
816638686989352961	43	-1
817068153142394880	76	1
816991008554631168	74	-1
817103170430238721	69	-1
817502285244801029	34	1
818037963711979520	30	1
818412529705684993	30	1
818590533048303616	43	1
818372042802266114	79	-1
818967082083778560	24	-1
818948059195265024	25	-1
819185876689244161	25	-1
819131842095878146	79	-1
819232883151933441	69	-1
819090154547793920	30	-1
819669056110243840	25	-1
819614542191820802	22	-1
819640248330289153	43	-1
819417473606975488	79	-1
819964697755656198	63	1
820048116598579200	7	-1
819948327093628928	30	1
820042776301555712	25	-1
820104702234914816	79	-1
820061646869524480	25	-1
820468339898253312	79	-1
821197884246740997	25	1
821753405525921792	71	1
821809419285475328	25	1
822168617542418434	44	-1
822149154235236353	25	1
821991549995274240	27	-1
822088756186353664	25	-1
822486609694228481	2	1
822522863877902336	25	-1
822522863877902336	25	-1
822269946512084993	25	1
822522863877902336	25	-1
822435038683918340	43	1
822024173597978624	30	-1
801155584972222464	61	1
802597945778601984	16	-1
802940131233632256	57	-1
803269783101673473	79	1
803286110700900352	25	-1
803297434973548544	25	-1
803663594587975680	25	1
803455975340392448	25	-1
803723992339136512	25	-1
803459557796282372	15	1
804028015214731264	61	1
803780622539886592	25	-1
804016735846354944	79	-1
803781903287357440	12	-1
804022304921579520	79	1
804142541641777152	79	-1
804377044448464897	25	-1
804243519779045376	15	1
804520497786388481	25	-1
804758309437730816	25	-1
804505395003682818	25	-1
804754698301538305	43	1
805864513945894913	61	1
805940180960116737	71	1
805954945929199616	25	-1
806040080699756544	61	-1
806624258155827212	79	-1
806298831272841216	40	-1
806902436212326400	25	-1
806908556985376768	79	-1
807009158939738114	61	-1
806769099623698432	70	-1
806979034139815936	43	-1
807317670911557632	25	1
807015681682120709	25	1
807828298013216768	70	-1
808293118596390912	20	-1
808724615111569409	61	1
808661524017455104	25	-1
809492112773443584	43	1
809422202181390338	71	1
809427832065572865	25	-1
809797761080049665	25	1
809875343679090689	61	-1
809677003624501249	61	-1
809702399245959169	61	-1
809888366279868416	25	-1
809552399429865472	25	-1
809824190324871169	25	-1
810994743878569984	174	-1
811077217014910977	74	-1
811704418940887040	43	1
811685204880261120	25	-1
812047589117804544	25	-1
812009941917716480	9	-1
812066463863312384	25	1
812058914334179328	25	1
813828885251035136	79	1
814180391540047872	25	-1
814335165203906560	25	-1
814412210336333824	70	-1
816728434021830657	25	-1
817089809848168448	79	1
817109706238001155	71	1
817087047471009793	25	-1
816852240338132992	61	-1
817458601795141633	79	1
817381784237252608	70	-1
817701660071985152	79	-1
817543806803329024	25	-1
818593224201629697	25	1
818381828251742209	25	-1
818550239967793152	73	-1
818513947313590272	25	-1
818968488144498689	61	-1
818617127783583744	61	-1
819258668327849987	71	1
819218676079534080	79	-1
819031113662230530	25	-1
819023556373712897	25	1
819385944688033792	25	-1
819969636498337792	79	1
819732052350291968	43	-1
819884229894934528	25	1
819978598002003969	25	1
820341936854802434	30	1
820469353510539264	43	-1
821039882097160192	40	-1
821362452742934528	61	-1
821220537963642881	25	-1
821220538777337858	25	-1
821779214940573696	25	-1
821937758146936832	25	-1
822126462530621442	40	-1
822092530686705664	25	-1
822484716720898051	15	-1
822522863877902336	25	-1
822660793107890179	74	1
822722416665366528	70	-1
822823315395973120	70	-1
