801183507699511297	25	1
801178199954751489	61	1
801092272511217664	79	1
801165698126979072	15	1
801092912641515521	25	1
801126188622184449	79	1
801111404501733384	79	1
801093593175760896	43	1
801185301557350400	43	1
801080054495199233	55	-1
801047582470377472	47	-1
801177472368865281	79	1
801093594769715200	61	1
801091008754753537	43	1
801126191390457860	79	1
801126280431210496	43	1
801088890736168960	61	1
801124934655229952	61	1
801093598687150082	43	1
801093927583391744	14	1
801501681108340736	15	1
801487320943824896	43	1
801502451576737792	79	1
801575320096641024	0	1
801487316363657216	43	1
801487329227636737	43	1
801450964817420288	71	1
801501418351980544	79	-1
801450368051855360	61	1
801485495205117953	25	1
801489266169679873	25	1
801487311825469445	43	1
801458310411153408	43	1
801450816867631104	43	1
801448559237328900	79	1
801486560856305665	79	1
801487317722611712	43	1
801486568812933120	79	1
801503636832583683	43	1
801691206497382400	20	1
801737826526232576	79	1
801731452094316544	43	1
802059866386952192	43	1
802207959531057152	52	1
802184903303434240	14	1
802107401256206336	61	1
802185673847488512	43	1
802027324967362560	79	-1
802228568457670656	43	1
802137362335723520	73	-1
802193387566858241	55	-1
802184913902444544	14	-1
802255055449530368	0	1
801979051443269633	47	-1
802099774447042560	55	-1
802165314247081984	16	1
802313049122029568	79	1
802318550337748996	73	-1
802526224790659074	20	1
803012290886844416	20	1
802866577658023936	55	-1
803301206990852097	25	1
803312534161788928	25	1
803164307177558016	79	1
803361124649496576	79	1
803284662814736384	15	1
803232111058554881	20	1
803209399216979968	14	1
803161537250635776	25	1
803312532337266688	25	1
803269775287812096	79	1
803309499465482241	63	-1
803270299508736000	43	1
803157131616813057	43	1
803309319525646337	43	1
803305703611842560	20	-1
803328616683671552	55	-1
803147029987885056	43	1
803303731571937280	79	1
803286109497110528	25	1
803303741143261184	79	1
803229488871940096	25	1
803164648270872576	43	1
803222488511483904	43	-1
803087795858251776	20	1
803304985391861766	25	1
803224221115551744	15	1
803209396520005632	14	1
803146775427051520	79	1
803304351687200772	43	1
803215394919981058	20	1
803209423523090433	79	1
803043347426410497	73	-1
803147035985772544	43	1
803221939456090113	25	-1
803363082483499009	20	1
803308873595678720	79	1
803147031413854210	43	1
803308756347953152	25	1
803221923278663680	47	-1
803229487039029248	25	1
803299552757501953	22	1
803360419805069312	79	-1
803270315627474944	43	1
803263946467655680	20	1
803156567013126144	79	1
803095679195287553	61	1
803274786713391104	25	1
803284679948275712	15	1
803122924202979329	15	1
803146744800432128	79	1
803308754749919232	25	-1
803309321433935872	43	1
803063387764629504	25	1
803122922785079296	15	1
803271006282391552	25	1
803309316832985089	43	1
803209920036405248	43	1
803615114381369344	43	1
803671144154828801	25	-1
803438901599830016	43	1
803434067760914432	71	1
803515373848928256	20	1
803436442945015808	79	1
803531367086596096	20	-1
803644345832316928	74	1
803436468622520320	79	1
803663771445014529	79	1
803438914069524480	43	1
803689638778970112	0	1
803438911221547008	43	1
803667371420368897	25	1
803404313154506752	61	1
803663596999712768	25	1
803631688542621696	79	1
803663766256644096	79	1
803407099334160384	43	1
803436475874476033	79	1
803732364387942401	47	-1
803732537759526912	47	-1
803699770808094720	47	-1
803436454751956993	79	1
801502451576737792	79	1
803649891792814080	71	1
803664393561112576	43	1
803436446505926656	79	1
803407104451158016	43	1
804082608917213186	25	-1
804046252358987776	79	-1
804000546596225024	55	-1
804101714466996225	17	1
803897727574745089	79	1
804006657483280386	55	-1
803869215895814144	61	1
803823945959034880	43	1
803782174499622913	7	1
804083503117848580	61	1
803914996795129856	20	1
804086884477480960	14	-1
804052965967466496	43	1
803902005462921216	43	1
803973134109970432	25	-1
804068253266038800	61	1
803834329432543232	43	-1
804083672521412608	43	-1
804373586777702400	71	1
804258748336406528	55	1
804378663923937281	71	1
804321854844444672	79	1
804416300176920576	14	1
803223999706787840	61	1
804349425317511168	79	1
804324201049952256	25	1
804424288472367105	79	1
804426263414919169	43	1
804352006538326016	43	-1
804424287255986176	79	1
804324974018396161	15	1
803226217214251012	43	1
804426267185520640	43	1
804203669528793089	20	1
804324498426056704	20	1
804424275750952964	79	1
804227169714982912	20	1
804371235337596929	36	-1
804418930928300033	55	-1
804131374844231680	73	-1
804341429996847104	15	1
804435350890446848	79	1
804280448096448513	0	-1
804424284202483712	79	1
804424291265708032	79	1
804422344412278785	25	1
804256251425083392	25	-1
804426277289594880	43	1
804781237701328897	61	1
804528205138890752	79	1
804491255560437760	15	1
804613159986282496	79	1
804794481245622275	15	-1
804713032026726400	25	-1
804613127035830272	79	1
804796056038838272	25	-1
804695399504216064	79	1
804774716745646080	79	1
804793342945005569	43	-1
804793739457818629	43	1
804754692781776896	43	1
804489838288367616	74	-1
804793736563662852	43	1
804754691242545152	43	1
804527124270972929	79	1
804709292838363138	15	-1
804775460538355716	15	1
804490202882260992	14	1
804792485541277696	79	1
804727128038248448	79	1
804768762410909696	0	-1
804841496771969024	43	1
805188122397044736	55	-1
804841502761488384	43	1
805067847269388288	25	-1
805067846409601030	25	1
804961198496251905	61	1
805073047686418432	71	-1
805372466331688960	20	1
805270227214888961	7	-1
805382098072834048	30	-1
805388520290394112	15	1
805311965476159488	20	1
805501972921151489	47	-1
805826453291954176	47	-1
805859062743109632	0	1
805727345717940225	43	1
805725335429988353	79	1
805727348238807041	43	1
805864677901144065	47	-1
805586491409920000	55	-1
805636206297874432	20	1
805718998906073088	20	1
805729465611485184	15	1
805876669441445895	20	1
805844798871666688	79	1
805828280460906496	71	-1
805809063305023488	43	1
805720487192096768	43	-1
805845646464942080	43	1
805871002001379328	20	1
805845609362157569	43	1
805865369885929472	43	1
805800765348573184	61	1
805808888549429248	43	1
805724779223416832	43	1
805761249212530688	73	-1
805837921878097920	25	1
805565602484121600	75	-1
805844795923070976	79	1
805717706360127488	79	1
805713718713597952	14	1
805849347673833472	47	-1
805845624902090756	43	1
805844800922599429	79	1
806046542377324544	20	1
806211799422898176	47	-1
805970049823436801	25	-1
803209918207709184	43	1
805927999862345728	61	1
805947515644346368	43	-1
806184813518524420	71	-1
806187093403795456	71	1
806137760818069504	75	-1
806213497524719617	79	1
806048195797254144	79	-1
806105942966222852	25	1
806253273141407744	43	1
806212964269326336	61	1
805996318099390465	15	1
806048576614830081	43	-1
805976407482503168	43	1
805979343428194304	79	1
805954946977759232	25	-1
806021410179215360	70	-1
805996316291690496	15	1
806213509365305345	79	-1
806109765013303296	43	-1
806187802803191814	43	1
805931055958073345	43	1
805927997547180037	61	1
806213486175014912	79	1
806062139567841281	20	1
806186482977357824	55	-1
806166500516265984	43	1
806181785612746752	61	1
801126278829080581	43	1
806109775826128897	43	1
806041372918710272	61	1
803209421107134464	79	1
806152712391950336	43	1
806213500209102848	79	1
805941136170905600	43	-1
806053094006001664	25	-1
806197928205414404	43	1
806213494391635968	79	1
806405230338379776	73	1
806415553669828608	58	1
806558700286705665	43	1
806558698382442496	43	1
806558326792323073	79	1
806558686814539776	43	1
806558349458345984	79	1
806964680715595778	15	1
806937475796975616	47	-1
806769031155879936	70	-1
806679011183169536	79	1
806692059801219072	43	1
806941373941301248	15	1
806692062754197504	43	1
806936632171466752	47	-1
806921123069886464	43	1
806991033082884096	0	1
807009171891625984	0	1
806920656789131264	79	1
806849445371478016	79	1
806920654847180800	79	1
806666006160621568	73	-1
806937265591054337	47	-1
806893409696968704	61	1
806920648727609344	79	1
806909283673718785	55	-1
807009039389339648	47	-1
806906900327579649	30	1
807003667723329537	15	1
806964609538256897	15	1
806991024610390016	0	1
806928858477826048	25	1
807303600036642816	14	-1
807287748159643650	0	1
807298815309004800	61	1
807272609159249921	79	1
807344095635144704	47	-1
807224291154608128	55	-1
807367229260136448	55	-1
807140252041101313	25	1
807322506029834240	43	1
807014193463525376	71	-1
807041419642859521	79	1
807317672295677952	25	1
807332122923044864	15	1
807299894880960514	61	-1
807126949512544257	79	1
807049657163464704	25	1
807062087960842240	43	1
807031801357238272	79	1
807062060806840320	43	1
807318777499189252	43	1
807315710405844992	0	1
807626096610975744	0	1
807257021804380160	30	1
807449124983492609	15	-1
807704044626149376	66	1
807514982950772737	43	-1
807401357275701248	79	1
807626086007701504	0	1
807466670121848832	20	1
806929408003108865	30	1
807858130042454016	79	-1
806929408003108865	30	1
808062897842688006	7	1
808387561907335168	47	-1
808328201546010625	20	1
808404647178211329	47	-1
808230909338075137	79	1
808381147197636608	79	1
808381145897435136	79	1
808393510474784768	25	1
808367089010417664	25	-1
808345974062125056	43	1
808312237802844160	79	1
808381842214834177	43	1
808345838586101760	79	1
808369092344377347	43	1
804052971818512384	43	1
808110417549684737	61	-1
808381855653396481	43	1
808381840717475840	43	1
808385966729629697	25	1
808371628073779200	74	-1
808387321024286720	47	-1
808280910961348608	20	1
808245038425591808	14	-1
808528635485372416	55	-1
808505246037188608	79	-1
808718514295111684	71	-1
808716234414034945	71	-1
808630654225313792	61	1
808646564898017280	43	1
808802504968404992	43	1
808643245936873472	61	1
808716399833124865	61	-1
808699484733579264	30	1
808565156338798592	20	1
808654284288118784	43	1
808802250055368704	79	1
808468493691658240	43	-1
808802255545700352	79	1
808724321329758208	47	-1
808716741786423297	71	-1
808653852123824128	79	1
808802493975187456	43	1
808659461183336448	57	-1
808694259796897793	43	-1
808702356841971713	79	-1
808760993757143042	43	1
808630892667293696	74	1
808698911921733632	30	1
808766686694293504	47	-1
808719274344910848	71	-1
808477979093372928	73	-1
808804973467160576	25	1
808646574603718658	43	1
808718008168448004	71	-1
808802253373050880	79	1
808749099587694592	61	1
808802491123007488	43	1
809129599842025472	55	-1
809103212380823552	43	1
808986259473518592	43	1
809040053804548097	14	1
809136966629527553	79	1
808979882860576772	43	-1
809136976515518464	79	1
809119674034163712	43	-1
809136972790988800	79	1
809119632237924352	79	-1
808699484733579264	30	1
809136980298764288	79	1
809137223815860224	43	1
809159808045592576	25	1
809136961814482945	79	1
808964136256290816	79	1
808964849820639232	43	1
808977143015337984	79	1
809102629909516288	15	1
808929553850728448	25	1
809137238034546689	43	1
808836158801268736	55	-1
809137240551149568	43	1
809160919880269825	79	1
809514893049139200	20	1
809470392083611648	79	1
809473878334509056	61	1
809465683960418305	43	1
809461798743085056	25	1
809383936803667972	73	1
809383884299309061	79	1
809504620338937856	61	1
809487557528403968	55	-1
809465692663808000	43	1
809521062866194432	43	1
809477439084699648	79	-1
809489149795385344	43	1
809465450161733632	79	1
809465679694929920	43	-1
809422962180943872	71	1
809465688922460160	43	-1
809383541502930944	14	1
809465440636436482	79	-1
809465079838035968	0	-1
809465699043278848	43	-1
809465455815589890	79	-1
809503324458225664	25	1
809479716017049601	47	-1
809504861909696512	14	1
809465439004803072	79	-1
809383535207481348	43	1
809315852130668544	43	1
809556170973188096	25	1
809824612397752320	43	1
809771339607248897	25	1
809806981200576512	61	-1
809824188693237760	25	1
809824355828006914	79	1
809879801318305794	43	1
809824352187326464	79	1
809743419262308352	79	1
809824642957508608	43	-1
809769354153852928	61	1
809565277507747840	73	-1
809549608762347520	55	-1
808699484733579264	30	1
809824348164984832	79	1
809831739199668224	25	1
809824625848893440	43	1
809824615543566336	43	1
809607560173146112	79	-1
809769425486364673	30	1
809750099731488769	43	1
809752906085736448	20	1
809812851544170496	71	1
810151081015738368	74	1
810261590163464192	79	-1
809146300990103553	30	-1
810127606838427648	61	-1
810144025827299333	22	1
810262507369730048	43	-1
810181032041414656	19	1
810148827801845760	25	-1
810088444055547904	20	1
810486735360716800	43	1
810399986559004672	20	-1
810469694767394817	25	1
810384225740423168	79	-1
810463690906595328	15	1
810460020710273024	30	-1
810470254640005120	43	1
810384392816381952	43	-1
810982120843657216	47	-1
810692036668047360	79	1
810672258976980992	79	-1
810765017201213440	30	-1
810784066589097984	79	1
810955197241495552	69	-1
810693975350845440	43	1
810692050639323136	79	1
810769034849480704	61	-1
810693973572460544	43	1
808434773911683072	47	-1
810926451675406336	25	1
810875124610191360	22	1
810742971893239809	55	-1
811310119241785345	63	-1
811195102840373248	43	1
801501172414771200	61	1
811168677936689152	43	1
811305934706405376	55	-1
811082732780552192	43	-1
811328660372328448	44	1
811125801169145861	79	1
811020138032091136	61	-1
811103273402900481	30	-1
811165013016612864	20	1
811134076526596096	25	-1
811197095361118209	20	1
811140360680280064	20	1
811018631228387328	43	-1
801502447437053952	79	1
811335254921408512	61	1
811358309534015488	15	1
811018622609059841	79	-1
811165813206089729	43	1
801503642826248192	43	1
811020136379535361	61	-1
811335256842399744	61	-1
811358320623755264	15	1
801518790802604047	43	1
801502449332867076	79	1
811125799801749504	79	-1
811579872887836672	43	1
811673872957218817	25	-1
811617486684717057	55	-1
811704397981810688	43	1
811523411705008128	43	-1
811635352137936896	47	1
811630145077473280	43	1
811670099937542144	25	1
811701429446516737	79	1
811588680137711616	15	-1
811494239397937152	15	1
811701441551286272	79	1
811510622588469248	79	-1
811568191788810240	20	1
811701438544023552	79	1
811571061431136256	79	1
811701443484876800	79	1
811588257465176064	30	1
811372478434078720	79	1
811573512536289284	43	1
811607198145060865	9	1
811495499895308288	43	1
811556915079745536	47	-1
811601252039749632	61	1
811590829798092802	25	1
811573733072605184	20	-1
811630154124554240	43	1
812001299839516672	79	1
811859275085709316	15	1
811891374450688000	30	1
811998516167856128	25	-1
811743394796027905	43	-1
811753151636213760	25	-1
812002092185423872	43	1
811743392896061441	43	-1
811727244393447424	20	1
812002098304970758	43	1
812001303979298816	79	1
811743381516853249	43	1
812055691645091841	71	1
812002107419148292	43	1
812055184855695360	71	1
812001286463913984	79	1
811832774244048896	79	1
811931343965650944	20	-1
812054931544780800	71	1
812073317448515586	15	1
802185676045295616	43	-1
812002291829981185	25	1
811843744005767168	55	-1
812070257925963776	47	-1
811742875574792192	79	1
812001305547907072	79	1
812101907774898176	73	-1
812106547744669702	43	1
812224774084694016	43	1
813808860100263936	79	1
813808866941140993	79	1
813828889810268160	79	-1
813814227248889856	25	1
813863636091498496	61	1
813808876210585600	79	1
813809192255549440	43	1
813809183401406464	43	1
813826221570146308	15	1
813783750542704640	55	-1
813841704067497988	43	1
813809190401671168	43	1
813810455395246080	25	1
814191563614158852	15	1
813918472656875522	43	1
814193710602846209	55	-1
814161516739973120	25	-1
814077038348931072	43	1
814134609009147904	43	1
814086019188301824	25	-1
814141715732897792	61	-1
814073252431720448	15	1
814134599987105792	43	1
813918476146446337	43	1
814077026630037504	43	1
813918146683932672	79	1
814134606236712960	43	1
814191547742875649	15	1
814065677183107072	15	1
814134607486582785	43	1
814065685705986048	15	1
814131317139013633	55	-1
814242632570376192	74	-1
814191716676734977	25	-1
814447557673766913	20	1
814442268333637632	43	1
814455765557772288	15	1
814312883379208192	79	1
814540992443535361	55	-1
814312894829563904	79	1
814302205289189376	20	1
814442627105861634	14	1
814594615391191041	61	-1
814442905783898112	79	1
814456193661988864	43	1
814312902777851904	79	1
814297732907028480	0	-1
814572034193817601	79	-1
814530083008512001	79	-1
814374986647502848	79	-1
814610729009487872	25	-1
814564754803093505	7	-1
804052575419006976	79	1
814338857466466304	61	-1
814338859232358400	61	-1
814442910829740032	79	1
814314529408647169	43	1
814530954001842177	43	-1
814401111519948800	20	1
814484965564043264	79	1
814471062079426561	25	-1
814313268302876672	20	1
814858258448089088	43	1
814670355847647235	79	1
814638569700675588	73	-1
814642715757596672	43	-1
814792913637036037	55	-1
814641498264399872	79	-1
814866185779089412	79	1
814823240799580160	15	1
814867099785056256	43	1
814941846178775041	79	-1
814819760454115328	73	-1
814784636614127616	20	-1
814818347854352384	25	1
814748674198827008	61	-1
814911314237734912	15	1
814716431942094848	20	1
814826882957017089	55	-1
815039423071080449	43	1
815037719890038785	79	1
815229056782319616	79	1
815165266246115328	43	-1
815063441299927040	55	-1
815408290658131969	79	1
815363337445842944	73	-1
815355562598678528	20	1
815510029440786432	79	-1
815704958096080896	15	-1
801503640741675009	43	1
815881131635724289	15	1
801518759487930373	79	1
815967584059277312	71	-1
801501174369288193	61	1
816037658648571904	61	1
815969356576333824	71	-1
815969609681694725	71	-1
815895715381657600	79	1
811587557746208772	61	-1
815732056646909952	43	-1
816060374516637696	74	-1
815891902293741572	43	1
815891953095036929	14	1
815967076904996864	71	-1
811168677936689152	43	1
815969685610975232	25	1
816028059094511616	20	1
815969682343591943	25	1
815879181775106048	43	1
816424971207524352	20	1
816431057264381952	43	1
816431044136235009	43	1
816208791893053440	43	1
816430663473790976	79	1
816430676354486273	79	1
816420619696873472	65	1
816286208569602048	15	1
816094363956543490	20	1
816431054227697665	43	1
816211287743098880	43	-1
816431047143464961	43	1
816430669526077440	79	1
816431048452112384	43	1
816076245289078784	15	1
816431045545431041	43	1
816208345870823424	61	1
816093031376060417	79	1
816430658847436802	79	1
816430662022496256	79	1
816208379018440704	15	1
816225153541607424	79	1
816130743717871616	20	1
816224734971105280	15	1
816431034556411904	43	1
816430660642635777	79	1
816431042001326081	43	1
816431036355723264	43	1
816645792299683840	43	1
816565008188526592	30	1
816459608382406656	71	1
816732205225426944	25	-1
816793958944645120	47	-1
816456221985243136	43	-1
816631690672148480	73	-1
816479515580964864	61	1
816433998347976704	25	1
816556800510046208	20	1
816767614848536576	66	1
816564889321869312	61	1
816702007486529536	25	1
816531523948150784	15	-1
816565513946066945	30	1
816624504759873536	61	1
816564664570089472	30	1
817134480750157824	79	1
817074091274498048	43	1
817090346186403841	43	1
817108946850873346	71	1
817069048466837504	14	1
817083275562795009	25	-1
817089840558866433	79	1
817068828609937408	15	1
817086029974802432	20	-1
811589895739363329	43	-1
817108693422641153	71	1
817089828017864705	79	1
817090323381882880	43	1
817073993358438402	79	1
817081669886889989	79	1
817086590967304192	61	-1
817121517804761092	14	-1
817023463160418304	15	1
817166318180761600	25	1
817412453499867136	61	1
817407910854569986	25	1
817438909692977153	20	1
801501174369288193	61	1
817266738643410944	20	1
817433950683418624	14	1
817490932400418816	47	-1
811135761953280000	61	1
817433609254633473	43	1
817476271286325248	14	1
817490451296989184	20	1
817460172188745728	43	1
817418467766898690	43	1
817458579397607424	79	1
817460154509787141	43	1
817475815810203650	61	1
801518790802604047	43	1
817175281500819456	73	-1
817356468315975680	73	-1
817426781686771712	25	1
817474199954583553	34	1
817719116161286144	30	-1
817537667734892544	73	-1
816564664570089472	30	1
818146753019019264	55	-1
818022937940856832	55	-1
818016697449902080	15	1
818070274222354432	20	1
817913132370706433	20	1
818081248560238592	73	-1
815886821217406977	43	1
818513174584496129	76	1
815879377477050369	61	1
818555302677278721	43	1
818547550026240000	14	1
818452143082500096	43	1
818449875767586817	24	1
818548684812091393	15	1
818498626297040896	55	-1
818548477978411008	61	1
818255754222178304	20	1
818517482453471233	43	-1
818288535354699776	15	-1
818405028931178496	43	1
818460903339425794	43	-1
818269089248342017	20	1
818603673358102528	24	1
818381648765001728	15	1
818457328601079808	25	1
818542648722014211	20	1
818543951963680769	30	1
818567948784713728	0	-1
818546991537995777	79	-1
815885418809978880	79	1
818733036292358145	20	-1
818949755606683649	47	-1
818676267465588737	25	1
818729447868235776	79	-1
818964347309490177	43	1
818910410833154048	55	-1
818963185004748801	25	1
818815736374329345	43	-1
818963291657633792	79	1
818623818075803649	47	-1
818814813413502976	79	-1
818964368817852416	43	1
818729521461547008	61	-1
818719952911925252	30	1
818676266442235905	25	-1
818964357027602433	43	1
818857880065605633	61	1
818941866683023362	79	-1
818964365307039744	43	1
818944885126402048	47	-1
818947821088821248	20	-1
818964367320477696	43	-1
818834354189254658	66	1
818855254091595777	61	-1
819152246176960514	79	1
819166987309838336	47	-1
818979281057513472	43	-1
819079946719133696	43	-1
819280124201799681	43	1
819079188800016384	61	-1
819162819635671042	15	1
819144429810450432	61	1
819202026055864321	9	1
819182770027196418	61	1
819190486321741824	15	-1
819182955461574656	15	1
819163980589568005	15	1
819277862087888900	79	-1
819204749668950016	25	1
819261371816689665	25	-1
819261201649639426	71	-1
819260695120400400	71	-1
819162813365096453	15	-1
819185877725233152	25	1
819259934881775616	71	-1
819261454788546565	71	-1
819110369318711297	20	-1
819195688902885376	43	-1
819023848964292608	71	-1
818989696919293952	20	-1
819285331971342336	79	-1
819202261012381701	43	1
817057680040857600	43	1
819267770688950288	79	-1
819144439939694592	61	1
819329317825953792	25	-1
819267768671490052	79	-1
819284021771276288	25	1
819201463767498758	61	1
819105480119156737	20	-1
819185114735329280	61	1
819300520984776704	79	1
819152961540657154	43	1
819665699543060487	43	1
819606147044933632	43	1
819641480033763330	79	1
819641460123402244	79	1
819628165911941120	79	1
819402246987321344	43	-1
819399770942881792	79	-1
819657879061987332	43	-1
819397521265070081	61	1
819652586701631488	0	-1
819641475315208193	79	1
819553367219458049	43	1
819517861978865664	43	-1
819641465202675712	79	1
819638862410452992	25	1
811134620213411841	43	1
814397227338780672	43	1
819365567282999301	43	-1
819463194074705922	20	-1
819579558362054658	61	-1
819657873533898753	43	-1
819657314991009792	79	-1
819477319786106880	15	1
814416525960548352	79	1
819630208571604994	43	1
819593058056544256	79	-1
819350600223748096	79	-1
819638861407977472	25	1
819657877577142276	43	-1
819641471758385152	79	1
819637838513930246	15	-1
819594236840517637	55	-1
819622364115673088	20	1
819641478670589956	79	1
819638858790772736	25	1
819350598730452992	79	-1
819352495365431296	71	-1
819930983298453504	43	-1
819959082459287552	79	1
820042774544121856	25	-1
820038992909320192	25	-1
820038270365159424	79	-1
819930001164398594	79	-1
819969815960031232	9	1
819840934959456256	20	1
819971190974545920	43	1
819893182087524352	73	-1
819718743202918400	79	1
819777394395344900	79	1
819938925141704704	61	1
819778529923432448	25	1
819969631133855745	79	1
820015019995893760	79	1
819930006809956352	79	-1
819921803518820352	79	1
819896859389005824	43	1
819982381327138816	25	1
819939580870672386	14	1
820038277046616065	79	-1
819724430943408128	43	1
819994197314928640	79	1
820038272772698112	79	-1
819980957201657856	79	-1
819930987954061317	43	-1
819930999651991552	43	-1
805807018359586817	79	1
819715980830142465	15	1
819974179327852544	20	1
819733235798159361	25	-1
819937079358390272	25	1
820341936854802434	30	1
820094489326927874	43	1
820209183723319296	61	-1
820211540397883393	43	-1
820308138683494402	61	-1
819152246176960514	79	1
820255571718897666	73	-1
820207938782580736	61	-1
820095621759516672	25	1
820211534727102465	43	-1
820216417047875584	25	-1
819152961540657154	43	1
820362490458607618	43	-1
819152516210364417	61	1
820233769172881408	20	1
820221437403201536	20	-1
820061647687458816	25	1
820778871431700481	25	-1
820705728549834753	47	-1
820768573106884608	79	-1
820629089019117569	47	-1
820453104176898048	20	1
820627876387045376	25	-1
820466807794348032	20	1
820778344828506119	55	-1
820663198223306753	47	-1
820630620762230784	55	-1
820632635038990340	55	-1
820617954052206594	73	-1
820444531489284096	20	1
821063624538161153	43	1
821085481597304834	43	1
821117597022179328	14	1
821016762355486720	47	-1
821085483048570880	43	1
820782652722581504	25	-1
821118194773622784	43	1
820814465352380416	20	-1
821065513375703040	0	-1
821041361466048513	43	-1
821053431095824391	20	-1
821076149954605056	43	-1
820819124355899392	20	1
821068682713513985	43	-1
821117631495282690	15	1
821133686754148352	55	-1
820835877450612737	79	1
821046806301839360	79	-1
821085478522880001	43	1
821040798712078336	61	-1
821045749093986304	79	-1
821068669556027393	43	-1
821100861636153344	47	-1
818517261065605121	43	1
821068684584165380	43	-1
821063516828352516	79	1
821065514982092800	0	-1
820804529528524800	20	1
821063660919521280	43	1
821085480280322048	43	1
821063622411636737	43	1
818517038696112132	61	1
821066306774585346	79	-1
821061986288996354	25	1
821506671100821504	14	1
821301406346989568	43	1
821315656641548288	30	1
821376996773154817	47	-1
821176835463671812	43	1
821324518732001281	79	-1
821392347762073600	55	-1
821340908931186688	79	-1
821506669922267136	20	-1
821363606281392128	47	-1
821471381468614656	79	1
821408494486167552	47	-1
821190334608617473	25	-1
821297663022891009	43	-1
821471365215752194	79	1
821471370148282369	79	1
821296841346125826	79	-1
821273668126916608	15	1
821471367690420226	79	1
821471376821325825	79	-1
821471368877371392	79	1
821297155813969920	20	-1
821431289093980160	43	-1
821440963503685637	55	-1
821171717003419648	61	-1
821495129261350912	43	-1
821171844850008064	43	-1
821346674169806850	43	-1
821171723538153473	61	-1
821359266665791489	43	-1
821462871770968064	14	-1
821462781811638273	43	-1
821258616208494592	43	-1
821171709051097088	61	-1
821268651961622529	15	1
821324522100027392	79	-1
821316453215457280	30	1
821472446150807552	43	1
821465900654022656	25	1
821160124609740800	20	1
821300904817291268	79	1
821171383845666816	79	-1
821316236403470336	30	1
821358603961569281	30	1
821171724800692224	61	-1
821546816135163905	43	1
821795516644229121	79	1
821563286986424320	20	1
821570704537686017	15	1
821747749322297344	14	1
821733749671006216	79	1
821777731583143936	79	1
821770920993947653	71	1
806182801603235840	43	1
821841933194711040	79	-1
821795330748514305	5	-1
821843991033417729	43	-1
821773494270787586	43	-1
821833135524638720	79	-1
821560603353501701	61	1
821747751180349440	14	1
821571871992909830	61	1
821316236403470336	30	1
821735506186797057	61	1
821545177378603012	79	1
821709029248475136	43	1
821812464807452673	43	1
821805640611811328	25	-1
821683860098400257	43	-1
821831723289755648	0	-1
821573379941605377	43	1
821558050171580416	79	-1
821796245626880001	43	-1
821665047407718405	15	-1
821525303797444608	43	1
821811962975809543	79	1
821821850976133125	79	1
821512973839646720	43	1
821778582800371712	43	1
821823809326026752	43	1
821804950476963841	43	1
821840050090479616	0	-1
821850755015569412	79	-1
821611027280314368	74	-1
819152961540657154	43	1
821680909514670081	79	-1
821563041032638464	47	-1
821800030566748165	43	-1
821551250890178561	79	1
821567935315464192	20	-1
821795530292547584	79	-1
821801863674634240	25	1
821525025182416900	61	1
821778574470422529	43	1
821811227659763712	43	1
821799443548819463	79	-1
821857773910560768	20	1
821539631686520832	14	1
821680908247924736	79	-1
821553878537674756	20	1
821570706303488001	15	1
803614859292250112	79	-1
821683840624263168	43	1
821833841132322817	43	-1
821800027865698316	43	-1
821848057285197824	0	-1
821795512370204672	79	-1
821758849539575808	79	1
821800022211776512	43	-1
821548958539354112	20	1
821805639651295232	25	1
821833842470383616	43	-1
821787102773919744	61	1
821578955052449792	79	1
821510180726853633	15	-1
821779213300559872	25	1
821793320234090496	61	-1
821785420648349696	79	1
822062919848493056	79	1
822036393090318340	79	1
822208954830913537	43	1
822146486985228288	79	1
822147766470184962	79	1
821995664641028096	79	-1
821995659335204864	79	-1
822037670444625922	43	-1
821900010509910016	25	-1
821907558323453953	25	-1
821990867703566337	61	-1
821884689552146432	61	-1
821966221356728321	15	1
821879634623135744	61	-1
821901837980803072	43	-1
821901823598542852	43	-1
821996172910923776	43	-1
822209549725642753	25	-1
821893981495758850	61	-1
821872076936114176	79	-1
822064203024527364	43	1
821996177646387200	43	-1
821950109529280512	79	1
821966226096291844	15	1
822166743611215873	76	-1
822081885153198080	79	1
821994540995346432	61	1
821919420272537600	43	1
821894000705671168	61	-1
822037675586764800	43	-1
822204643270914049	79	-1
821893988366118912	61	-1
822206380455116802	43	-1
821977304565956608	43	1
821897775084433409	79	-1
821922660703535104	25	-1
822086875871514624	20	1
822147188834897920	43	1
822081847593201665	79	1
822111952189198336	66	-1
822217078346129409	47	-1
821893992396820480	61	1
822147686853799936	20	1
822209550635806721	25	1
821919427864264704	43	1
822036396730880000	43	1
821917206426583040	79	1
822082000844652544	43	1
821935100220899332	79	1
822081893856329728	79	1
821893976055808000	61	1
822208116183990272	79	1
821995663319826434	79	-1
822123496692187137	15	1
822005711366287360	25	1
821966240046583808	15	1
821990864474034177	61	-1
822130965287931905	43	1
821897798006296576	79	-1
822036408483401730	79	-1
822206384095821824	43	-1
821901846633648129	43	-1
822037681286811649	43	-1
822123503713394688	15	1
822199871675518977	61	-1
822081971836882944	43	1
821897768625115137	79	-1
821967957651636224	25	-1
822081789590179840	79	1
822085976562552839	61	1
821966252885372928	15	1
822166347295653889	61	1
821995643015151618	79	-1
822037674211082240	43	-1
821941143504089089	15	1
821935746940567553	43	1
822062922713223168	79	1
822210254897344512	43	1
821897784471252992	79	-1
821990866109759489	61	-1
822062978216423424	79	1
822088753602641920	25	1
821941139553001472	15	1
822081859484078083	79	1
822131794157834240	14	1
822008952892391425	55	-1
821996174639058944	43	-1
822062925523329024	79	1
822199991523426304	20	-1
822204641849016320	79	-1
822229223511392256	15	-1
821940279535992832	20	1
821996407452274689	15	1
821907559124602882	25	-1
821935752204419072	43	-1
822145376618573824	25	1
822152935589040128	20	-1
821890180084862978	79	-1
821897801361747968	79	-1
821995656940285952	79	-1
822148943199039488	79	1
822081837090697216	79	1
822037685636362240	43	-1
821919424332660737	43	1
822173789249212416	55	-1
822081829373145089	79	1
822209548802850816	25	-1
821993877166903296	20	-1
821995647297581056	79	-1
822187774577086472	15	-1
822036404872024065	79	-1
822116307491397632	20	-1
822206378655830019	43	-1
821993136746590209	61	-1
821935102250905600	79	-1
822206375057125376	43	-1
822149788191879168	43	1
821893985576910848	61	-1
822062911837368321	79	-1
821880169971318785	79	-1
822037687012102144	43	-1
821901850286944256	43	-1
821993123102527489	61	-1
822205778350075904	25	-1
822385511318712320	14	1
822425290227978241	43	1
822446762451316736	20	1
822283326128029697	79	-1
822378423867699201	20	-1
822212065347731456	34	1
822416467123642368	43	1
822523494311333888	43	1
822243625597890561	7	-1
822523494311333888	43	1
822551090587635714	43	-1
822404614020435968	14	1
822446781262761985	0	-1
822478270134362112	22	-1
822235388861435908	43	1
822461784057487360	14	-1
822399872112480256	43	1
822520403016949760	79	-1
822553062753652736	25	1
822283292665847808	79	1
822365416819306496	79	1
822446776200269824	0	-1
822530412308295685	25	1
822435300735586304	43	-1
822284347227209728	43	1
822308532242423811	15	1
822523476712030211	43	1
822537898813779970	79	-1
822341665931169792	14	1
822521225884958721	15	1
822343510531702785	43	1
822461715954761731	43	-1
822284361714307072	43	1
822523494311333888	43	1
822322610683842561	79	1
822523490142191617	43	1
822461718324449280	43	-1
822521459704819712	79	1
822526637988139008	25	1
822384755081625600	43	1
822234495587942400	79	-1
822349221357568000	61	-1
822521456961744896	79	1
822526636956360704	25	1
822461329869066241	79	-1
822523490142191617	43	1
822579503864156162	47	-1
822394517059817473	20	1
822521440939503617	79	1
822521451563646977	79	1
822350503657033728	61	-1
822385508315635714	14	1
822283314686001152	79	1
822269949381001217	25	1
822550412175769600	79	-1
822359356620623872	79	-1
822399018965880832	43	1
822436533974274048	43	1
822390743805267969	25	-1
822461732148957184	43	-1
822428498719490048	25	1
822446787172573184	0	-1
822342669116522496	79	1
822446783733170178	0	-1
822827256347262976	79	-1
814420264888975360	43	1
822864161914884096	43	-1
822829011743211521	61	-1
822762686014308352	20	1
822611596879007747	43	1
822827260126363648	79	-1
822827249934155777	79	-1
822829025131372544	43	-1
822827262449975296	79	-1
822836184816631808	25	-1
822827264387743745	79	-1
822832407569043456	25	-1
822843727257354240	25	-1
822832408449851392	25	-1
822792292268380160	73	-1
822829019582332928	61	-1
823206877576183809	79	1
823130260803698689	20	1
823271853691117568	43	-1
823154669925056512	73	-1
823271828059725826	79	-1
822997431809953792	61	-1
823216429432471552	43	1
823271829750083584	79	-1
823271881952399360	43	-1
823271862096498697	43	-1
823260198290722817	55	1
823271858313302016	43	-1
823452330553147393	15	1
823537879087534080	61	1
823662877504577537	25	1
823619084914814976	20	1
823650791764279296	14	1
823492657724932096	15	-1
823551135868977152	43	1
823637517685714944	79	1
823628903042273280	25	1
823617574927679488	25	1
823617722634436608	79	1
823624666828914689	15	1
823614569595764736	43	1
823577146136391680	71	1
823612163784839169	15	-1
823628460270780418	15	1
823638771627360256	79	1
823604987326529536	61	1
823577225429680130	79	1
823538079637962752	14	1
823642224349024259	15	1
823501299777798146	20	1
823492600011390976	15	1
823553545215447040	14	-1
823666644081934340	47	-1
823639367214395392	43	1
823624181426388994	43	1
823613256988295168	79	-1
823579424385855488	71	1
823635188508786688	14	1
823614560284315648	43	1
823470736182480896	43	-1
823614576453414917	43	1
803209920036405248	43	1
823602830040776705	61	-1
823613260066865154	79	1
823614567792132096	43	1
823490766819434496	43	1
823675056677158912	15	-1
823614550427705346	43	1
823442672601862144	20	1
823568503697338369	25	-1
823498353476562944	43	-1
823578412136677377	71	-1
823563864004587525	43	1
823733476180508672	79	-1
823981106475188226	43	-1
823799499449651200	55	-1
823953371971354624	79	1
823975113619947520	47	-1
823953094715338752	43	1
823876613544824833	15	1
823833088849575938	43	-1
823969043967250432	61	-1
823734922049363968	43	-1
824017711487324160	25	-1
824029025148473344	47	-1
824035946861658115	71	1
823804536531910656	55	-1
824022513986445314	15	1
823942212475944962	55	-1
824003687928463360	43	1
824022511650217985	15	1
823959554861862912	47	-1
823697347150422017	20	1
823972412827893760	25	1
824002700492886018	79	1
823973447667687424	43	1
823895785469145089	47	-1
824010401859989504	75	-1
823972413616422912	25	1
823851733516288000	20	-1
823832516410806272	14	-1
823959676433920004	15	-1
823881644604006400	79	1
824390032937127936	43	1
824270636394553351	25	1
824051491233267712	43	1
823623474950393856	43	1
824325810937069583	43	1
824047911881150465	25	1
823595231249633284	43	1
824299591495520256	15	1
824050673373380610	79	1
824323898124697600	79	1
824051482538504192	43	1
823550751440076804	79	1
824323911944962057	79	1
824051484337782784	43	1
824161193027928064	61	-1
824323476219568128	25	-1
824050675982204930	79	1
824050674832908289	79	1
824050671880208384	79	1
824261311114735616	43	1
823595229232136193	43	1
824225586029719552	61	1
824323893091565585	79	1
824590582525952002	79	1
824697545263833088	79	-1
824553983284883459	20	-1
824749907638702082	43	-1
824502401315004416	79	1
824576171954343937	43	-1
824713282984439808	20	1
824727694361395201	79	-1
824633545779974144	79	-1
824582469097775105	79	1
824691996254236672	15	-1
824442802822115333	43	1
824513327904817152	43	-1
824513750401159168	61	-1
823953449582821376	43	1
824551250456936448	61	-1
824473584420749313	79	1
824708523552604165	25	-1
824698253086171138	43	1
824692771990560768	20	1
824590246897745920	22	-1
824611901653078016	61	-1
824583853616599043	43	1
823643010776887297	43	1
824507086377811968	30	1
824698261122510848	43	1
824697194942902272	25	1
824742288114855936	0	1
824842212412231683	71	1
825125119982964736	15	1
824852996227870720	43	-1
824911873128677376	43	1
825125101062463489	15	1
824853011381968896	43	-1
824867065894809602	25	-1
824952885117071360	79	1
824890707437445121	30	1
825062399409479680	47	-1
825125110185152512	15	1
824997054091055105	61	1
824851485720604672	79	-1
824966361453621249	43	-1
825125123325906944	15	1
824957665092644864	25	1
825063184839147520	43	1
825110160087486464	20	1
825125151020875776	15	1
824991509279805440	174	-1
824906336047542272	14	1
825017994212433922	79	1
824905860371533824	79	1
825019236477181953	43	1
824810414361935872	55	-1
825120705511616515	55	-1
824994949515079680	43	1
801120929745162241	61	1
801098402339713024	61	1
801515950570803200	14	1
801506269571989504	79	1
801507384254464000	43	1
801599982608318465	20	1
803303737683038208	79	1
803358639482372096	61	1
803360421554122753	79	1
803360119601905664	15	1
803365381578559488	25	1
803615110094843904	43	1
803429087884607488	20	1
803435335338356736	71	1
803671516462206976	0	1
803964348540424192	20	1
804528265452994560	43	1
804512939336028160	25	1
805883028690075648	15	1
805807373810077696	79	1
805931061461057536	43	1
806048207960702976	79	1
806215506562842624	43	1
805975630676459520	79	1
806637419625857024	55	1
806689652895842304	79	1
806920643455451138	79	1
807680359315869696	0	1
807999302383452161	0	1
808434944607272960	47	-1
808441145478955010	47	-1
808559598890168320	20	1
808944902260199424	20	1
808842987543339008	71	1
809507114695741440	43	1
809611818746466304	43	-1
810714804352491520	20	1
811201021477154816	43	1
811616351114686464	15	1
811704383390056448	43	1
811571853588365312	43	1
811584293671608321	14	1
814467117798031360	57	-1
814441913449349120	15	1
814442272381083648	43	1
814444469240102912	15	1
814460605553868800	43	1
814441907464138752	15	1
814442139115520000	61	1
814442633418244097	20	1
814969324955992065	47	-1
815963011756146688	15	1
815966011576950785	43	1
816272150940291072	55	-1
816202253560410112	66	1
816755374447542273	15	1
817057844801388544	14	1
817108030403788804	79	1
816848298237632512	79	1
816804624199925760	47	-1
801514934895050758	61	1
817432883262619648	79	1
817415202052468737	43	1
817485932026658817	20	1
817433989136797696	20	1
817174677122596865	79	1
816564664570089472	30	1
817559066985627648	20	1
818459962112360448	79	1
818535946786369536	61	1
818291234842165248	25	1
818592873390206976	61	1
818829922588311552	24	1
818672263633440768	43	1
819198567323762688	22	1
819061310784573441	25	1
819277865946673152	79	1
819553372659388417	43	1
819770106016215042	15	-1
819729231479472128	79	-1
819892151127592960	15	1
819938750209912833	15	1
819974825372332033	25	1
820092903146029056	79	1
819158540900331520	43	1
820062469536317444	61	1
820705699059662849	47	-1
821084637350936577	25	1
821084786735411200	61	1
821117706640494593	43	1
821063626643668996	43	1
821063637817315329	43	1
821205438435704833	25	1
821395661199437825	47	-1
821364449344978945	47	-1
821571874572398593	61	1
821735509512908801	61	1
821780846365573128	26	1
821759634654560256	43	1
821786026133901312	43	1
821551746422083584	43	1
821553867015876608	14	1
821562959314960384	47	-1
821858321418158081	47	-1
821523851259629568	79	1
821543692834062337	79	1
821555548713848832	15	1
822209272897556480	79	1
822036394671558656	79	-1
821886261245911040	71	1
821995678977114112	79	1
822044985524649985	61	1
822081793411129346	79	-1
821975384434634752	79	1
822402646879457280	43	1
822434120512995328	61	1
822304959580422144	79	1
822405855341481985	25	1
822521448610824192	79	1
823286946868903936	7	1
808342628316090368	61	1
823562540932300804	79	1
801518759487930373	79	1
801503640741675009	43	1
801630862777327616	43	1
801979002306998272	47	-1
801979029330853888	47	-1
803289437992054784	79	1
803290622874570752	43	1
803304361514455040	43	1
803362122969350144	43	1
803673212173373440	79	1
803663759797587968	79	1
803795718083182593	25	1
804056178917457920	25	1
803935449366597632	79	1
803896013807382528	43	1
804115890782486528	79	-1
804380947156180996	71	1
804426295643881473	43	1
804424541091012608	15	1
804497654097051648	71	1
804745251793448960	47	-1
804504921554960384	15	1
804498161372987393	71	1
805822821569961984	25	1
806920646743719936	79	1
807361035116089344	79	1
807300185735000064	43	-1
807299385906307074	15	-1
807892181415579648	79	1
807952341194285056	20	1
808017800765681664	0	1
808365938449977344	61	1
809102701363679232	15	1
809137165594595328	25	-1
809470656811335681	43	1
809209377773076480	20	1
803614855282442240	79	1
814078697120694272	61	1
814441909661921281	15	1
814460602508840960	43	1
815475175806402561	43	1
816564896548716544	30	1
816550681725272064	57	1
816663965195497472	61	1
817054169278414848	43	1
817108186910117890	71	1
817108440392863747	71	1
818460905243639809	43	1
819151258145550338	14	1
819223668731629569	55	-1
819280112893968386	43	1
819061309949898753	25	1
819215958153826304	43	1
819280250764804096	25	1
803615110094843904	43	1
819604804129259520	47	-1
819895947161456640	43	1
801501172414771200	61	1
820009626624135168	47	-1
821117602017648641	14	1
821117599287123969	14	1
820997848519077888	6	1
821041100882411526	47	-1
821537621104992256	25	1
821529072559865856	15	1
821824495283531776	76	-1
821563301624684544	47	-1
821578952254877696	79	1
821541733599166466	15	1
821511546736115713	43	1
821796441400061953	47	-1
821510185449558016	15	1
821844927487164416	47	-1
821752283432185880	61	1
821810989779787780	61	1
819158540900331520	43	1
803615400403603456	61	1
821917209056395264	79	1
822086483641270272	79	1
822062917411622913	79	-1
822148459335712768	43	1
822148929236176897	79	1
822036390615678976	79	1
822482804315394049	22	1
822567966743166979	79	1
822488870390550533	76	1
822428297489448960	79	1
821316236403470336	30	1
823209891275751424	25	1
822957454732525568	65	1
823604350220193792	61	1
801503644361359364	43	1
801487325700227072	43	1
801500595811037184	25	1
801486565419708416	79	1
801521231119818752	20	1
801445476742545413	20	1
803303739306213376	79	1
803308752342396928	25	1
803655626735972352	79	-1
803622102536335361	20	1
804082138282790912	20	1
804053806589743104	14	1
804070809522343936	79	1
804213577703796737	20	1
804222146801111040	14	1
804218724005855233	79	1
804221332917469184	61	1
804822455411937280	47	-1
804777531865972736	79	1
805828267819286528	79	1
805921953186009088	55	-1
806252760828116996	79	1
805928515866460160	25	1
806921125238308864	43	1
806920645208633345	79	1
808342628316090368	61	1
808167017899380736	25	-1
808312592246652928	43	1
808378135414599680	47	1
808645016507846656	79	1
808647933725786112	20	1
809148256043155456	47	-1
809267668066762752	20	1
809519932912242689	14	1
809490491569909760	14	1
809778228810444802	61	-1
809577808993263616	20	1
809744922748162048	25	1
810690048479760386	20	1
810953615095582720	55	-1
810862664964599809	16	1
810802239442980865	15	1
810952464862064640	47	-1
811134620213411841	43	1
811135190453993473	20	1
811013605428723712	43	1
811704385399037953	43	1
811707887118667777	47	-1
811556836449062912	47	-1
811857448134918144	79	1
814452165645209600	20	1
814860359173599232	71	1
815972498554523648	20	1
815881847590633472	20	1
816094360722874368	43	1
816225190950617090	43	1
816699267389804545	44	1
816702065019912193	71	1
817068153142394880	76	1
817086031807684608	14	1
817418469591355393	43	1
817502285244801029	34	1
818457786623332352	79	1
818537605708980224	20	1
818555295488180224	43	1
818601247238451201	55	-1
818412529705684993	30	1
818623146655744000	47	1
819185876689244161	25	-1
819183757806731266	43	1
819690485904244736	43	1
819597710126780416	20	1
811134628153139200	43	1
819604666828746752	47	-1
819943349520134146	43	1
819896165890224128	79	1
811168677936689152	43	1
819742096378761216	43	1
819777566965833729	43	1
820629242266456064	47	-1
820726308602777602	17	-1
821117405128757249	61	1
821084789189050368	61	1
821016955377356800	47	-1
821385518856503296	47	-1
821173962981851136	20	1
821197884246740997	25	1
821510183386042368	15	1
821782474053160960	14	1
821741372436783107	79	1
821777729859284993	79	-1
821556500476923904	79	1
821734658350153729	43	1
821570708799102976	15	1
821708489034727426	79	1
822181402380824576	61	1
822064206031810560	43	1
822056478223855620	52	1
822183737517572096	43	1
822149154235236353	25	1
822390745541722113	25	1
822521223154376709	15	1
822486609694228481	2	1
822384298384879616	79	1
822269946512084993	25	1
822384300112941057	79	1
822435038683918340	43	1
823561751153278976	43	1
823335442326097922	55	-1
823549628515659776	25	1
801109433820418048	2	-1
801517966114357256	15	1
801502447437053952	79	1
801501174369288193	61	1
801487322831323142	43	1
801486564056596480	79	1
801502449332867076	79	1
801629525851467777	79	1
802105150424944640	43	-1
802134393288589312	52	-1
802599270486396929	47	-1
803369154858414080	25	1
803387601315123200	79	1
804053438199955456	43	1
803833269477326850	79	1
803799585621577728	47	-1
804099586763751425	43	1
804474674121801728	47	-1
804388104622616577	47	-1
804753546008612864	47	-1
804924410037551105	20	1
805773617535406080	20	1
805864513945894913	61	1
806185754560987136	79	1
807361449098149889	43	1
807318285112999937	79	1
807349191605239809	47	-1
807317670911557632	25	1
807671020265947136	0	1
808434773911683072	47	-1
808327970276446208	15	1
808228554592882689	15	1
808341303142576128	43	1
808534222038302720	15	1
809136959755087872	79	1
809519235382841344	43	1
811328219534282752	43	1
811857860548325377	43	1
814007922447568896	43	1
814453277051985920	15	1
814442137525907456	61	1
814574105018171393	15	1
801503642826248192	43	1
815759920029003776	47	-1
816418882655240196	47	-1
816735959710515200	47	-1
817089809848168448	79	1
817055142788861952	61	1
817108067259138049	43	1
817441747567513601	79	1
818593224201629697	25	1
818824524632354816	43	1
819283655076024321	15	1
819214086521163776	61	1
819182327519645697	79	1
819025114985537536	71	1
801502447437053952	79	1
819978932682248192	47	-1
819978598002003969	25	1
820094487837999104	43	1
820341936854802434	30	1
820670428779806721	47	-1
820714703160832002	26	-1
820692775813398528	47	-1
821041776236654593	47	-1
821098723123994624	20	1
820785407923101696	20	1
821087149600735232	79	1
821016540715896832	47	-1
821117458274775040	79	1
821475037324705794	43	1
821393012135776257	47	-1
821146287043002370	20	1
821275006869139456	43	1
821377300390363137	47	-1
821474616560467969	79	1
821735897070764032	43	1
821698283450073088	15	1
821851496115359744	47	-1
821735507935772672	61	1
821511191541399554	20	1
821556505879150592	79	1
821795533119508485	79	1
821580709483737089	43	1
821555553990217728	15	1
822086749325291520	43	1
821941136742813696	15	1
822122727452516353	25	1
822130145729323012	79	1
822181700067328001	79	1
822209274432647168	79	1
821937758146936832	25	-1
822389980991344641	20	1
822521451563646977	79	1
822660793107890179	74	1
823578936730914819	43	1
823595229232136193	43	1
823624184320368640	43	1
823577228323782657	79	1
